0.8266351481111212 -2.2510446895400626 -6.232301959437674 6.340056140592079 1
-3.331945473224385 6.617829120470638 5.892552413876119 1.0649069873625887 0
1.833039610637945 -7.916198934354981 3.2506653622709365 3.1273197032474176 0
-6.722032272516724 3.1578229818365173 0.03197390454370108 8.351544887456622 1
-7.237644035616643 2.510320458079727 -1.929734583307125 7.092698848411224 1
-3.4759537053769822 9.203615578399901 -3.7636028807096933 -5.46690315529238 1
3.9538050720636164 4.1576366355030565 -8.267462186857632 -8.846334085069 1
-5.662476414734867 -5.0832921116578245 4.564803509132984 -4.028126052586767 0
8.683430652724656 9.585887892695531 0.6411499549403583 7.346187089677517 1
4.2059811929120965 7.389078098680461 -4.966419970002098 -6.572523949527809 1
-7.3467238675791595 8.428414021295715 7.768866335786594 8.427495691694975 0
2.2551937095906887 9.782892848205044 6.76976112547511 2.963875197489031 0
0.1592512597487037 9.223337510931142 8.953124946307 -8.119561594606497 0
1.8334261049078613 -9.930624537089603 -4.507301790273546 9.73818555080711 1
-1.0680713785785088 -0.1991352228172154 6.4181858952241235 7.177707134150424 0
0.08239755174217933 6.920854521889787 2.563156271175293 6.129538103242275 1
6.033608750894754 1.9820396728420864 7.90639229558445 5.833325417122898 0
1.8175766931371449 0.73848322527666 8.571989547447544 7.11086218897567 0
-9.616018534218117 -8.883724677307574 -9.901362978225547 -4.7038849346777845 1
8.777166358003353 1.4024893873377131 -8.908907132701081 -4.840765864285183 1
-0.8313076426396027 7.702073243424277 0.005657861442273315 -9.559826385706021 0
0.3393510617088342 -8.401884666193427 8.968716831968834 -6.947945957836945 0
7.9504301134379105 -1.9415761625565402 8.680312184160037 6.51445790509295 0
2.2319171232787376 6.951838003766394 1.7812152377632913 -0.5675392892683426 0
1.7139801357277502 1.8422059109183664 -4.2904151669942685 -3.7987238520867788 1
9.09982094478362 9.887953030137531 -3.390212133668502 2.1796996796363715 1
7.343268931651149 -0.8792952848216444 -9.32033521253616 2.0558962687312583 1
-1.7075925026830419 2.666347149091914 4.047717837200011 -2.781289075067459 0
-9.595274169660232 -1.2790881028932297 -9.038502011105153 -7.998302052092912 1
9.606146491253714 0.21190009791679998 6.003947562459203 3.463769181576833 0
2.1483435918260554 -2.4801271003347853 -9.935523032608744 4.750490449143614 1
9.029334298798616 -3.529530131242171 -5.143657233481294 3.1672230457255672 1
-2.3950270241448157 1.879181043985728 0.44631080149414615 -7.659794649882614 0
0.9332704848741002 -3.216947571455126 8.277210349514167 9.454761507382017 0
-9.479169573816652 -5.21201990487993 -7.448992155642678 -8.263108845356278 1
4.385884373378509 7.078618413647035 1.8830696604661323 -5.062237067879673 0
5.692579482795189 7.123566519784639 9.93000671088754 5.516416529875666 0
-5.955859068136469 6.948643296339675 3.1400729195289294 3.3493821288431995 1
3.098788745437149 -3.2616826729591324 2.360124922185511 2.8636058341018753 0
-8.694786092382927 -9.406880916923516 2.2451715545787714 9.554488451039372 1
8.840001485708726 5.444009584586414 -9.189682547976583 1.8002358181455804 1
-6.737585561220656 -7.155634478333843 2.0853000334797205 4.829423793660704 0
-9.810788316026189 -0.7792597383964655 -9.671264996941861 7.717447082904567 1
-6.863228638915051 -4.777809769974621 6.2497120012872145 -5.604803068521105 0
1.7953334177213165 3.559951123394402 -7.12891615192885 -9.403882997382478 1
-3.7173058415326787 8.82982404073896 1.796015012943478 9.247233961159388 1
-3.4714986705696482 -2.787411953342975 1.2348888176843893 6.431389506066928 1
5.788676293029063 0.6155558788334474 -3.552702477998748 -6.554513756501022 1
0.529101945856187 -7.457143708597583 -5.417918360163469 -4.615593858985436 1
7.074326962141974 9.701800231498222 -1.2341426653549128 -1.0481558361072025 1
2.1591436137608273 -5.108476895209217 -4.152238066826037 -9.162381674952485 0
-3.2525448077847035 -0.6845390610672482 -6.733169195501247 3.9907483690275836 1
-0.3386596383618201 8.353366560024803 -8.5677828115799 6.255583779688564 1
5.784214773647456 5.365555393476297 6.7505190300327165 -0.029058209632747634 0
-0.883170487357642 2.3429974950841537 9.823310727512162 7.181737089936153 0
-0.7421304234304333 -9.43033931881467 6.644076892738177 8.473463154289973 0
1.9066315713389788 -6.356484355066938 2.359328793805629 -8.91003832169163 0
-1.8948867282803246 5.8606226166544495 -8.445000528320023 8.311020210856647 1
8.821156896473678 -9.251504110827163 -1.1742207422086963 8.458449321704606 1
4.238430963022813 -1.2152149169685362 -8.865418413502901 -5.91955206120897 1
9.845736386791874 1.92551485198657 -9.631292189970587 -3.191300808541115 1
4.328255528053258 -8.162222892202912 -6.6492844696662345 0.8021689263077967 1
1.8514714646453267 -8.263568452094452 -2.847058413038839 4.339303558443579 1
5.044852229933316 5.622558860831969 -8.179088363716303 -7.339098623651967 1
5.649251002335147 -1.2387357554741776 -9.001102820770244 -9.00270369126053 1
2.0474624206071006 -6.603741453081156 6.856572611158111 7.80711706259072 0
1.8574910261241389 -0.8272140879331413 -9.425811592989746 -7.072061091468004 1
5.423619242258598 9.048103202857504 -1.0012809608054507 -4.4814849808007295 1
0.7151895756810038 -2.5082549626046653 -9.716205297494966 3.260348443415328 1
6.999993824665747 -7.608882026242285 9.834502926060988 -5.489334485358626 0
-6.348948051678855 -0.28422991218318217 -1.6573901011510017 4.8159562375704965 1
2.003400985663797 3.1221227073830917 2.5915161701234 -0.8109079970930431 0
-2.4200170346514005 7.132913380667986 2.123728539207068 7.86705538503783 1
-4.569168361960769 -2.447948245258777 1.519236218981792 -3.63498556816338 0
6.394813557658484 -8.09914710880851 -9.693541154031035 -1.4634469977713866 1
0.8829619855972268 -7.561094581349355 -4.4443710160551575 -6.4862775001242685 1
-6.620626182173326 2.585524286194808 4.415891520281836 2.611644885156121 0
5.351448818937765 8.901234512111944 -2.1874011321652675 6.944320145023202 1
-9.356418562141489 -9.570126928850119 -6.058395689624212 5.619871014607899 1
-9.794776968392046 0.4751352815672121 9.525782971199504 0.6904841428320712 0
0.18073082386671224 8.023699305269865 -2.232265142435981 8.100241128028578 1
-2.200051567522072 -6.690246469696255 -0.9421213935989758 -2.835126219990965 0
7.320773246946047 -2.8266205703751606 1.9295828727825697 6.672021973260733 0
7.763240300569947 2.048622888443088 9.321349053148413 0.6687426544030917 0
4.64833466948599 4.768644708825175 4.354854932681079 0.3449888375415817 0
0.4457660728212218 -0.8305519459960458 -3.283534245022466 8.539767631622425 1
-2.658584828058304 -2.685893487514816 -9.16126011923279 7.219636438614895 1
5.524195354037644 6.1653369831703095 -0.6576559762565637 1.211500877039736 1
-5.518065473895324 -5.590441017635723 -3.1446689902538445 -1.092544208476733 1
-0.923720429553164 0.8261362413000057 6.071341052792594 -0.8183247458645617 0
-1.201475597530738 8.794404267729508 -6.290036507841195 -1.9240949217416219 1
-9.55445319807379 8.858937995712814 5.170190808702753 2.6208094157691093 0
-0.004741575422507083 5.075186515905433 4.751344940796704 -4.680032720918506 0
-6.001636283064354 7.3262366455669685 6.445571431326282 -6.34173788794673 0
-5.533594959046373 2.1629851081958265 -5.0346758977981 -3.0178466837525626 1
-9.373793667422232 -6.725441200235148 -4.544061436049951 -4.841960939539412 1
-6.153563745633122 4.865856796227355 1.0517936665558025 2.9196143552726443 1
9.105027555272045 -6.356447773305021 -2.1757402900958382 -4.965640573780064 0
2.9142839386097954 -8.814281245116813 -3.606449746409628 -0.1874996390726995 1
-6.503125240178676 -7.479172459326982 7.7617956534442705 -1.767697931419649 0
-7.34231094411798 -2.2153612806938527 2.9955019254222037 7.49134432333927 1
-9.568501702615142 -7.283985263468431 4.285176248111203 -9.814829463154165 0
3.17708900163362 0.34797868308285906 6.631071033481572 7.394854530057334 0
6.460523606425138 9.022925957888148 -4.273745729847002 6.0624701951425735 1
0.43367274814896994 8.733241610507218 -0.10061795484105573 -9.44450353346851 0
-6.971294967210375 -2.718641626924949 -3.9333796566838597 -0.07338228274823955 1
2.3293067542196315 1.5753300368759238 3.328869112132093 2.3224045818278594 0
-6.536207958886704 9.349673221956515 2.347413625658568 -9.037337094770368 0
5.875242537900062 -6.079856731255764 -4.799476394053837 7.0427611552708065 1
-6.971065418698197 -9.278044826032083 7.042421183878478 1.328218162858013 0
1.0665963627085482 2.456315451156307 3.78733931519462 -9.430925968778807 0
6.7114381419223825 8.547122886558785 -9.867368367839099 -0.5970390089663908 1
3.93402440042869 7.517919515050554 7.553523651741621 -0.9304735270989024 0
-9.344461068597969 3.4997938648530873 -2.7272752542768846 6.611935301601925 1
-4.204469210678054 3.7384018756841915 -0.9803916520627549 -2.2326512818040767 1
-7.798289624429479 -5.763336940039552 5.416921424895628 -9.334991333504107 0
-0.5587575871147106 -5.439380785919148 4.664538083766303 5.787543484854922 0
-7.896918691641388 -5.605190025183209 4.001907003538429 9.165323564216617 0
-2.6484710455618243 -5.849072680002547 -7.9964379812307325 4.162717197135118 1
-9.252339110072514 -2.1251210043185464 -8.100178512204819 -5.0700193187191855 1
-0.4474798425809716 -1.9980861297395265 -5.254673025943957 -0.13774107801833857 1
4.616727558989753 -4.110757487821677 -1.959107751196349 4.54350505814341 1
-5.280524719785278 0.2881984217619369 -2.9853117559858866 -1.1005625215727495 1
-7.198007437019558 0.11731087256297634 9.564954539803349 -9.115038282938642 0
8.07396091447568 7.874036944288502 9.884750967986282 -1.4007799439966906 0
-7.702057369359798 -4.491534022953482 -4.826933073101998 -3.0711104316830067 1
9.781430324456995 -0.3050017320897691 -9.81367487811508 -0.2630106583327585 1
4.3409335621138485 2.030132068729367 7.147104859400713 -1.234193982642413 0
5.406232678909685 -5.527702445160097 -7.20905022887218 -2.1758020507817495 1
6.991727183331303 2.5123499977539883 -6.602304798697558 1.6567286405528776 1
2.297679084077961 -8.687920380573665 -4.712856158879914 3.496229537779703 1
5.193935034387922 3.4604426607557954 -5.996944881191293 -2.8672299099603737 1
-4.957831341344341 8.76868459382909 7.9903488664382 1.1494186927922918 0
-1.5656474037694288 -3.933838428847589 4.370175416216252 6.631915700787072 0
3.956895049438087 -3.8416462925978756 7.7953622351254985 -8.588491896716036 0
1.3367229343542402 -7.730167349879027 -7.646987301555493 4.74259571728566 1
-6.47139518563399 8.695430451809493 2.8179841464183593 -0.12623602105375653 1
-4.36716026270878 3.347230362711384 -5.888562033953296 -5.282182183874715 1
5.006447911503811 1.820687050222654 4.766086988576843 4.3786755353857 0
0.015427819125159559 -6.313785876169407 -5.9602216775186285 3.257199488635818 1
0.02442614427119949 0.9355584017127825 2.746604272785614 5.824064657281422 0
-1.831679299874434 4.550802732557342 7.860440776021246 1.6565046287506568 0
-2.8005910556774865 -0.027524563846565542 8.620856533792452 -1.2649654042712974 0
-6.292963089455064 -7.759862703140994 -7.5753771744058955 -0.7008034500720672 1
9.027901288662243 -3.457243529914309 4.6646569090190795 6.002818964721147 0
2.82249130767617 -1.6957517985856434 2.515020456522329 -2.259791902847013 0
-8.873118975510126 7.328645054563946 5.611699106018859 -2.0528355281279342 0
8.803678065825771 9.61132791893614 -0.3100615370335902 -8.947515950560629 0
0.9879683097583083 5.002428924510189 6.914753183770209 -8.466400344050351 0
-5.415201749694183 -4.5040065258796265 1.485476705885361 9.869227737289556 1
-2.958876035852221 5.818898263051741 -9.795710850143173 4.318511955549111 1
-1.2686591193713053 -9.823311655706835 -7.173749872996684 6.898038543420611 1
8.074677963396844 2.534737226133357 1.5790473139400678 7.224067698771034 1
-1.6775478358604001 3.8071577405194574 5.742040345525101 -1.538483672321112 0
3.90595762457062 -4.42251276005009 -6.140308345362852 -5.73151454371353 1
-3.6821598147099355 5.7706165066086506 -2.282676524502129 4.457184094277078 1
-9.042402495289588 -1.9415809756818625 4.155167735722552 2.530184443826684 0
9.584990036751833 1.2765849299602543 8.4316902588448 -6.788144870534607 0
4.338961954441839 -2.6774625504078724 5.326844212922257 -1.3870922766265181 0
-3.6311869188761703 3.8703390147035606 0.7791043002966536 9.358873514094388 1
4.93774368009179 9.938438126691441 7.600895648651381 -3.782021528295596 0
5.414846662414606 -9.62691773226913 1.2537383780582907 -7.839953797837358 0
3.4989477937379565 5.813949909877934 -3.516615721882202 1.5785618459985642 1
1.956714223664303 -7.762658296581721 1.4201893414387392 -1.898483964326406 0
-3.6064299517013705 -6.559273988646879 -1.0925742127902094 7.444521549897342 1
-7.252209108741869 8.460821648498683 -3.9083559297738457 5.427482246070765 1
-6.8953302909749326 1.1486306571726796 2.133716934636997 8.98976498225521 1
3.5276542169918415 6.976428554045281 -1.0160352385257259 -0.9275466313435103 1
-3.2477562859211613 1.3798077487759226 -6.721500142181734 -2.168869505165169 1
7.29871697720159 -3.6112827555672133 -1.0992411064511707 -7.530362845674796 0
-2.2935062498065246 -4.045316140685946 -1.228747719054212 -1.3740413747105578 1
1.0508432458658579 0.5304368470324565 -1.040787377818269 1.677099980227247 1
7.402934946880578 3.5401196730472613 4.322366793776551 4.968435001145277 0
-1.629928669174948 -4.247500281808135 0.24707819271563736 -5.135119801207635 0
-6.905816888089498 -8.992731355011287 4.867855216894654 -2.101318266137218 0
-3.7634279706458207 2.867346963298427 -0.9925207384044725 -6.812426998707302 1
3.226477582583909 9.074718834534675 -4.6729901552175175 3.294675931024022 1
8.212705172959918 3.506740385206923 9.73819882086897 -4.650025070814787 0
2.969006646085681 3.7591184612129442 3.723944510459848 1.2951995326043608 0
0.05431096824414894 -8.301991877535057 -0.4288605785989965 0.34031817490635063 0
0.1512169850055507 -4.818476023796176 4.462558047215037 3.89031692473732 0
-2.148543831956953 2.071825307716537 6.1421543527014 -2.9358020847376505 0
6.223062501530222 -0.7717808183471391 -4.664247009306626 8.093540125159258 1
-2.7788296802887587 0.997872106654814 6.373167935277227 -6.097443597650562 0
-0.861495875926547 4.695457998492698 0.20466937852775935 1.1501845278022405 1
-0.8653052376463535 -6.635970269958813 -1.1662693301386629 -9.43042376407451 0
-1.9062603928625563 -7.943998898156601 -9.365997899757467 4.232590803239951 1
-1.7093893763915702 -3.1935382624116855 -7.688570382564103 -1.9812865293062831 1
3.6449630037712506 -2.740942747159303 7.507718526724499 -0.8167319064027545 0
-4.659974343994926 -2.2178336033961843 -2.190010473957857 -3.949553540063146 1
-0.7378793023962622 4.065386679117394 -8.161436530236115 -3.9894253741898495 1
-7.156525590159076 9.356573524409338 5.110934426237293 2.4836584892779996 0
7.5265647967069675 -4.905958252369391 -0.344017203716664 8.622466332655662 1
-1.9671351201120828 -9.300229567570149 1.089687586496904 -1.7931504405885477 0
3.670182861589719 5.512025133145887 8.057695383719778 1.2845164564041749 0
3.533679264495662 -5.627182891332674 9.625051341826097 -5.051546076374976 0
8.902334598292054 0.8054177006353118 2.9034061455374065 -4.18214542276564 0
8.934598886868994 -7.039439764690531 9.105915986517566 4.343056876038737 0
0.7084437808197652 9.915321037702508 3.6299116530850206 -1.6137817163957617 0
-3.682776876147022 -5.136744019413326 6.5377386254520395 1.6426734115804802 0
0.010331140076015544 0.20960487201379507 -1.197889243869323 8.946742138545616 1
-4.103353465168638 5.868508080842716 3.024772422749578 -2.660458511309198 0
5.763751588171186 -2.3750946205593575 -5.6206156647543315 0.8147243149640389 1
-7.655889096206188 -9.17938305445649 1.8099680597799672 -4.015521378509918 0
2.6597430882772155 -6.810452225426548 -6.290441946145484 4.944101965723803 1
-1.967346391131466 3.9684231142597852 4.584644565779003 -6.726612092536848 0
-7.551437112834138 -2.2623145199201407 2.7764188982344518 -2.8597146350445897 0
0.7640578715239581 -4.510706248223418 -2.4266862908573223 9.19995604189975 1
8.774671701929655 3.2993908091711877 8.34386545686813 -3.0848426004407914 0
9.643385500286527 -8.196220706679103 0.15248044082478174 7.679807443720971 0
-7.385830749788047 -9.108364726347016 -8.216476534793554 9.46154364079965 1
-7.205278272465083 -6.781478590510592 6.905189826909062 4.149202884877051 0
8.675751655335155 -9.589338984265645 2.5352265594245633 -8.929600669499184 0
-6.381447307512476 -7.418212165907921 7.6150541133186564 1.5290407818555352 0
-5.724312839749772 -4.327068657357687 -0.5561397372252657 -3.5173455156053857 0
2.2977841377008197 -2.8944215137224294 9.49387916912535 -9.779452255781361 0
7.532464649761948 7.206635306208355 -0.1760969519732427 -3.825560968778925 0
2.775139260124 -1.4335447845691114 -2.7451346252969007 5.682335683421014 1
-6.339739736667111 6.218803957481434 -0.2093999208313626 0.7175328246003705 1
5.1813963628582975 5.593429608605025 9.016306918722986 1.7936069943786848 0
4.677220076222985 -5.022859571163385 8.403174351276327 -4.853753773973127 0
8.72943035734857 6.39039623929094 -6.467736191144091 -8.910433589544764 1
7.478928721173091 1.6616829603744616 7.234535207412229 9.285592103589895 0
-0.36124489823239614 -9.452901335226462 -8.236827813316216 4.932133156892826 1
6.308502440539407 2.482140458974616 8.427820070496182 3.078945014919853 0
9.270813653629553 9.496913103678033 -6.53366215580625 -4.249273171456225 1
6.763552954958044 -2.538890305122507 -9.314588467111458 -6.761534729804142 1
1.4898097627598759 -4.798192687884475 -9.113783013049495 8.114074039901919 1
0.34354949349177666 -5.91313560098865 -2.075786168386231 0.21982346410272058 1
-3.895550809356778 -6.086692766595975 4.58640484410196 -6.243299442279799 0
-5.517201936983714 9.056063777640905 -0.7890063550319955 7.043294686952347 1
2.9254987639039847 -8.652381522740427 -1.100898355621169 -6.114270770379903 0
0.4897083326545566 6.886120254594495 3.432926047295986 2.3956929067310373 0
-0.7050048920133563 -4.669644147608656 -7.308400849673131 -8.179876621022162 1
7.5585335409237615 5.679870247678011 2.1507148641070444 -7.783523940777464 0
0.054025697353152324 -3.4353041893764713 4.6985573387942345 2.71239376881738 0
9.189656841893711 8.019106032099884 -6.781180193482495 8.568463595984547 1
1.684246303737151 9.311852152416126 3.8615334051483234 -1.9187795771778688 0
-7.810769121587318 -2.8914270647892533 2.546143216763376 -5.619755312352545 0
7.8372546375900285 -8.71568252420249 -8.15581589901581 -7.029829900989268 1
5.770489761310991 -9.270004399961774 -1.2419985447925903 -0.03740603081573646 0
6.5591652315643785 4.127992293281197 4.237895212104824 -5.254655986298717 0
-4.631809316973376 3.5887734184091435 -6.368518194058246 4.875971237901243 1
5.146871176692718 -6.56850045032135 -2.0494645319410676 7.432891543619331 1
1.013799300757256 -3.58066299258285 3.1269809501481767 -3.5535011905746057 0
-1.6892343870461843 -9.893156503198007 -9.041487442825646 7.1460157900602255 1
-6.615922379106185 -0.27565354420384836 -2.328759593481382 4.79410602907187 1
6.454566111886791 9.98752550397979 9.98944967283079 9.42453427954566 0
3.5032865616307944 -6.327228408918422 -6.934718304563161 -7.213177477120181 1
-4.5126950831503265 6.4497891155189215 6.286194468875827 -3.0376804915854905 0
4.271952951611706 1.8240744796746622 6.875765298362705 -2.5500557779711013 0
-7.344692254238883 6.7002580113953165 8.295359218661826 -6.183924921184452 0
-0.08841500169538108 -5.778650067544929 0.5156125030788559 -5.459492210947512 0
0.1966614734228287 5.820707657412509 -9.02724977381226 -9.588348214321305 1
4.00558529372838 4.054963087597143 -2.2636370398510426 -4.118757422512109 1
0.7904337355179258 0.3398295712235271 -4.87517088411896 -1.3318014304366912 1
5.861281909711938 -1.783587969580541 -5.551693990789661 -9.666257970805994 1
-3.7779015198909622 1.1569557877853835 -7.134185738087313 -4.147463131681586 1
5.770634386833901 3.5002600939224155 -2.8129867298915485 -4.353899568184644 1
6.723554464691517 -6.72829522443492 -9.691726929654767 8.40957730217886 1
-8.630320827184326 5.358108153288905 -3.5045920023907717 -6.5216814783833055 1
-9.782495268998543 7.155318002847125 -8.998073440409708 7.887091529968934 1
3.356539593798564 3.976589786570452 -8.213132661462987 2.463640314012812 1
-1.0688657551521015 -1.760210889239783 5.504505669698201 -4.352356629487401 0
-2.5378628863284085 -2.565098911569681 4.908754601574767 -7.768412597533687 0
-4.771376906615689 3.805181126185426 9.52354342466461 7.89685225106459 0
-4.894337736359475 -6.913747538646553 -9.58825715760982 5.230253338457622 1
0.6801120396123821 -2.9660422444015966 -1.50976918941328 5.349367759542808 1
7.462897453762803 4.423593707561924 -2.610656347166456 -2.2401123608013602 1
0.35759765966345824 2.2772761145328637 9.694035694813703 7.234369613033728 0
-9.0714537954679 -7.727076711613121 -8.345578549953522 5.183904160208968 1
-2.2103362274866267 -2.7908645905528413 5.222141866825769 -4.841887007691572 0
-0.5908830727226526 -7.341984068547893 -2.0521293320153378 3.1430812496542124 1
8.438742617493112 5.657122710409082 -9.17379398812545 7.6397218351604295 1
-0.029917291442922433 4.0549744735491355 0.31079970403509627 2.3685447735708838 1
3.305083378400573 8.525131333434096 4.134933161804408 -5.119658684149117 0
7.735571066781052 -9.04256208150185 2.2616302277983813 -6.966281546643787 0
9.076159229890276 3.1171543183388355 -5.2550787870822795 -2.5479792090240387 1
-1.180290877184957 5.108339700055755 -5.938600328313141 -6.05525181532103 1
8.753445349792596 -1.010594281836445 -4.632393870398843 0.8372735615574971 1
8.623398079525927 -2.038787273389011 4.8399996780187955 7.198112552747446 0
4.76659057696363 -2.6427481020620025 -6.398373808846722 -8.777359522309618 1
-7.8717988082536205 1.1318134434704863 4.552092509175518 -4.666466032732142 0
8.037102038284466 -5.775351746898833 3.912054650198872 4.436266096815238 0
8.803414731907687 7.674363661876676 9.46019283549369 7.431464698731727 0
2.587355557934643 5.764928364617303 5.736917196005189 -0.17110726628111017 0
-1.274576511519733 -9.99667356960579 3.404498666726422 0.8152372030511597 0
2.6727124256801353 1.491282576557964 1.0874440219403105 -2.7404163106440276 0
-6.5452669666166035 6.454946763205477 -4.688844379769936 4.797623059564041 1
6.658408571717544 -3.25486336557951 0.5465625361483344 6.465703103259621 0
9.38957951522006 3.048873545360218 9.11433633081128 7.672747343472302 0
0.7669781026061777 -5.4778685208728835 2.779836680918219 -3.6620137314050254 0
-0.6234153895975414 8.51358018791245 -1.7007290501753562 -3.3272712283849497 1
-7.624852932847035 5.0550113759589195 -7.146055564295177 -3.839996810273007 1
-3.8076135252573255 -7.778791326616967 7.705971854948828 -8.255505739227104 0
-3.431888377232955 5.351953492205261 0.6475891931221174 -1.1343407773785472 1
-5.340396709640678 -5.403057056268712 -5.875704765753083 -5.646934151678893 1
-4.418248022762619 -8.466353898030782 2.1315972106887635 0.7733479346836241 0
-2.929965220895385 0.209904444249716 -6.85379636795145 4.5480389433623465 1
-4.935529848406883 7.8920197243849834 -9.9603113304863 -4.197664293690526 1
8.0054437504946 3.2762532331023326 -7.535661595442553 -6.164065858570204 1
-1.0781203683010538 9.823603082917842 1.1917153016513389 8.93070555752778 1
9.554920769363054 -4.659565633215966 4.34220739594255 9.23657503411603 0
6.630416589781493 -7.561354009061347 -3.1413849745913414 3.9116694998776396 1
7.74892935921066 3.4450995997392635 8.92489021715133 -8.071680076833555 0
6.888916491558753 -2.4237431133818266 -3.624841208633873 3.422750489067937 1
2.117272564790442 5.82401248673756 -3.6646903740541203 -7.9256895600222705 1
-0.90029620230208 -9.927925035236264 7.106664302326429 -0.27812685848992835 0
0.05432582672006703 -0.8131859071877283 1.9341411734820912 -6.695996155560535 0
0.2608489913286789 4.398004477100184 -8.942438908589379 -5.591330181488539 1
-7.454775315345012 1.5615707363161668 -0.06665912520302975 -8.039125028516425 0
5.561310137031409 9.0803516650215 1.3968103925234132 -1.1008858011573004 0
5.673818518532759 -3.115551063763813 -5.94189820792141 0.9358669535854744 1
-6.4809856764914 9.818030995759731 9.246461803635306 8.861115427558907 0
9.798908082332758 1.4105561992720546 -6.818019581380421 8.309747333791773 1
8.959392392659996 -5.778187092068463 -3.7701551853451054 -3.7218792863397354 0
-5.68085744939308 0.6516969122533816 4.334654874370294 -1.6114139531310308 0
9.397544530924286 -4.180607439638903 6.861846733249411 5.437102657931209 0
-7.388782113971857 3.9386062623113745 -7.110695024414491 -6.130780358924694 1
-8.297651053719747 -7.143460124187202 5.731373374940052 -3.24681387739989 0
-7.70025135079025 -1.9388090157922555 -7.364914528431521 6.388319623544241 1
7.09864479658841 6.524076473857821 0.5959845797554504 4.787553448347133 1
-9.776669902884658 -0.13390057081700135 -4.33787425981806 1.849447233888064 1
-0.30684546996868356 7.276733722761172 -3.7459703878933137 -1.1326543321896398 1
3.1233662125205814 5.587636718401214 -8.356339364670184 -6.861611473878786 1
2.49557828882957 9.434771732256085 -5.505865591552757 9.04499386068239 1
3.6440214112397324 -9.66255753335496 -8.33134735024461 -7.287316686145711 1
3.6017076203443246 -7.916711710565869 -4.757356616946094 5.231133223920203 1
8.706548552861676 -5.769212429004793 -0.47372840995139853 -4.4582835962020395 0
1.9512283849078589 -3.112371437938175 4.7110382393957515 2.717696908677226 0
-6.7928875200527195 -8.449952697372476 3.6566958435806285 -9.422443656474266 0
2.092186702417349 2.8735359186655707 6.854595665550292 5.345660115953493 0
0.25077746158587644 2.290712000433942 -3.2646124741389793 -2.909307133671799 1
-6.300518300832875 -8.980142551604144 -1.9764490307759015 -0.13219649289933422 1
-5.9766274199662455 9.983964813445073 6.833622067968086 -0.5607415919455327 0
-9.764583395073771 5.539746311154714 -3.411106185423325 2.2423188434356653 1
-7.615784998576638 6.508275538093052 1.2138186356677387 8.307428164768037 1
-5.000250236089824 -2.222017088896788 -6.000481428968481 4.757545256942411 1
5.964239878145012 -7.667913888494069 -5.917849739583334 2.793456382939439 1
-3.988353743813291 2.4024923778273237 -4.643446820767676 2.2946113834650657 1
-1.0796092344575747 -9.333713532025884 -3.1383170386254715 -9.98161032765568 0
-6.748666105994325 2.0126212650665423 2.588546113523666 1.3872896800523726 0
5.014957197214013 -8.340431981485725 7.164051679903412 3.8575671434952454 0
-3.2495310165366 -8.542339578486526 -5.788015570353666 7.778105023583645 1
9.67009108207278 -7.649939938805719 -8.171584560126277 4.458773014782981 1
-7.088442546904905 9.794723613041455 -5.921058373296537 0.2650058013153451 1
-1.8070582723370592 -0.65888092767924 -5.254086704663605 0.49158378963023175 1
0.2827341708590261 1.3004195753948409 7.749356142156227 2.5840571619673227 0
9.373771375163717 -7.718215043736169 8.478753744232034 -3.958908179555891 0
0.6619425553269771 1.002386646089759 5.795704049737678 -7.040046762009304 0
6.685600581743685 -3.438324632759235 3.4822749876043915 7.0288898192708835 0
-6.672945088143454 -3.449140935653614 -6.29918874053776 0.839786564986067 1
-6.790487519877666 -2.765473158449816 -9.158614348548078 9.384398040411217 1
-0.24220813446138578 -8.617349381661711 3.37839904717638 -2.060891139783716 0
-5.243579007430661 -1.1194886415400553 -0.2878496086325768 4.744227912387702 1
5.928109336409177 -9.799337433906592 4.578824558426128 -6.108331267062567 0
-0.6065164432387675 4.843903590000867 6.290971979089001 0.889188744899581 0
8.68631649811686 2.707797970251331 3.863444808427987 -9.38766222898537 0
-8.195708404854896 0.2977278367878533 7.346880366817949 -0.6939934385328694 0
7.869515243375574 -5.802053206820313 -7.8579867121880875 3.649542238133092 1
-1.7558960078512023 -0.5719513429698857 3.44710376107734 -2.2272487245424344 0
-0.9501229763473056 4.752103123135809 -7.784292521403408 8.016544751779854 1
-3.299447429273137 -9.771423729328756 -4.293360407388098 -3.3380301051101853 1
-2.6260652775793725 -1.319640182641633 6.640676253281793 0.7788774449912026 0
1.9335997033343677 -9.296592440162792 -3.7175404486156776 -5.001404556256011 0
-0.30114724427160233 -8.758223635498041 -2.33054190326929 2.8440579918922655 1
8.136850474552794 -0.6357952098763029 8.393866101627381 0.33362111755808144 0
-0.9141484804241458 -5.32044265784803 -7.905529336994304 6.531722042507873 1
-0.9498190037582805 6.752943897189951 -6.290101032439872 1.404774457808557 1
-5.203029048024341 -5.352222165219125 -4.076884437072801 9.862462129803632 1
7.063819563543323 -5.364678132295754 5.422603957988558 1.4415316906131324 0
-8.493499022568553 2.3095333125581536 4.97712880918926 -1.0869355091113153 0
9.940495282255753 8.587391076395917 -8.952872739099364 -3.4285548055993402 1
6.561822913893074 2.954230882871432 -9.278076249800943 -6.069529747404663 1
6.350615722323472 8.762837749135318 -7.809388945494584 -0.7515105648389664 1
-1.160859060023018 6.797018354968095 7.904148199953447 -9.887510026610883 0
-0.3737531227050095 5.298582284275481 -9.51656657068325 -6.249413921222566 1
-8.047038928775368 9.123815054849086 -6.319727537835043 4.317089879366737 1
3.0017338535864475 3.717553908688254 -1.5146776068185925 0.023233247605444873 1
-6.657555649470828 0.9820240535291642 -0.448446974366572 -9.901821191035316 0
7.168639005973979 -0.2790301612087589 -0.6383160620486947 4.72606421166596 1
-8.989666812153361 6.726096122417054 -1.4708137895020563 2.514088542641513 1
8.973537065017528 -0.4552952130750185 -0.057619743194358364 -0.02544006328123949 0
-1.5693124978357673 -8.174468324534592 -9.066936519564532 0.4798570455132971 1
7.460635149912797 -0.5473304546205497 7.377833750551289 -1.2011249891903901 0
8.874904024247044 -3.1805268978044214 1.1053755607214448 -5.242394019863248 0
1.723082514657687 3.998895691499511 -7.549838981375581 -7.5535995393769735 1
-4.854576939820174 8.08996356781742 -4.119600637602416 1.287540555037106 1
-8.455964445573198 -4.889905545690216 4.840209858657602 0.4708864616440689 0
4.511430517573277 7.795964700020885 4.194769949144234 7.45289233673914 0
-0.5659488424796919 -8.03638984822949 -9.934008374374175 7.606486031738452 1
9.786972451235695 -9.121306078295754 0.6267019299821701 5.298537296945652 0
-1.1437102312514131 -2.1573822070732573 4.418861638769137 -3.8439991909986926 0
3.4805639449756676 7.58275429588744 0.15476270132390368 -2.563453222480745 1
4.2881022406618445 -8.79345514080228 -9.2791366221135 1.4133769176751514 1
-3.424492708772009 0.2844524202708314 0.713414569715173 9.232004061127522 1
-9.896221750356924 2.0893826040221626 -3.500806859084811 0.16057857062675396 1
6.771860398980667 -1.2809847311403821 -4.278200602853586 -6.810388670169956 1
-5.003011383994833 -6.287848693824422 3.3040325102700265 8.252133567683714 0
-8.749061090625991 9.486360250520256 3.7911219894258785 2.0892596920902573 1
4.881172794866195 -5.54204097600115 -9.103454857021687 -5.149648223244867 1
2.7456034214832403 -1.6544647135183066 -7.137922159710861 2.7908388714604833 1
-0.5032882169796604 6.254289019406709 8.606037436865453 8.087769983697761 0
8.258242234104081 5.2023473190830405 -0.6842375214816236 -6.226461370610203 0
-6.045567416878381 4.394091918508618 -0.3856199729797929 -4.902505534821222 1
3.300531609405928 3.0073735298406064 -0.9270726259601005 -8.686075615001139 0
-6.739050891871057 9.175383145354107 -3.2904708741204853 5.887258729540495 1
-3.1841723602406224 5.278538030915813 2.7219807095296638 -3.2060149293265923 0
7.125883879769507 -2.4858262120977104 -9.313064555404173 3.9109198638154936 1
-0.5789911409650532 3.023564578871021 0.25669221965747724 -5.127493198126465 0
6.16098824478631 3.1948841397425287 -7.547086246296786 6.531895152496318 1
3.1178063202361077 0.33505776876566884 4.293762473102005 8.205396236374046 0
1.613578176683216 -3.272837850487944 -6.558988789465056 4.990188202576185 1
3.8340998008881826 0.21444050161291628 5.13591234862332 9.087097702638417 0
9.39861225017912 -1.0196606290445214 5.4932229767767655 -3.7153782497115406 0
6.046188132889171 4.362446899492166 -6.041405650841314 3.7745813591847046 1
-1.5916329605738788 -1.4842332738854385 -9.56403701895505 9.05772503925514 1
-6.876073432077476 3.4564947899736698 -8.985643578524229 -1.3134453386000722 1
6.374889871525433 -3.1610376845128414 4.313242733268634 0.3874495891980967 0
-6.431448873137873 -1.7173632042876186 -2.2345195890773457 -3.9031911654035163 1
7.950595661783865 -9.545641806480212 5.618507632309605 0.8344284544145211 0
8.534668566672227 -8.167745201981873 -8.556465694435314 2.494921226476256 1
-6.3610022875094385 -8.564351535788647 2.7834718535694734 0.20276973969143697 0
-9.370396059925632 -0.300658187557282 6.0439558746317985 -9.111542057488357 0
4.318807534189871 3.391219904579291 2.503007751873813 5.997216411302977 0
7.256404097338688 1.1819930278717692 5.008103860959913 0.8239484019893375 0
-7.920306372484694 -1.2625077503961268 7.154813565965583 0.003244985617934404 0
-8.307599976658967 0.9526758482923032 9.795630282106277 2.518008884548241 0
-3.039968470557792 -7.62517884902582 -5.186284157559422 -8.430419569693788 1
8.94230927239867 -5.75258145467525 6.563355713657536 -9.063025430468397 0
1.0248963459489424 -4.4977259510457746 -3.9300337017263987 4.3549326177192516 1
7.024265564648303 5.721740861564664 -8.68361615828386 -2.465387259464748 1
7.803182069105933 -0.836224430822675 -1.1021586045329705 -0.5075440601443777 0
9.441651837748289 -3.761331777802761 9.402886502517994 4.817152964419586 0
6.702324125455036 -4.395885191184297 -9.127401793231149 7.10054244342215 1
-1.9748557220997043 9.106184043169407 -9.124077919165337 4.337445336542432 1
6.852620903131751 6.2731220799517935 1.728877759137033 -2.322062034325758 0
-8.526688485606574 5.209885832618266 2.6903795990897983 7.208081872760133 1
8.672937802864372 -5.414666247073123 -6.681985748109851 5.032686256455472 1
-5.786195823530484 -6.508574109838947 7.185637713424764 -7.588504565406469 0
4.268646613962378 7.967002321985063 -8.688171461493026 7.821668739214324 1
7.765217297803623 3.123403464810785 -1.1162646301680894 4.608793528681165 1
4.429703201425211 -3.7615798703841836 4.302757733593172 7.662825958030869 0
8.562082320442627 1.5955539827403236 -0.314175843359374 4.450959119410026 1
-2.3922804919182328 -4.4538754270082865 0.8744718232565969 -9.239654860017136 0
-8.336759378401279 1.051201813823937 5.128095943928518 -1.7632190079421655 0
-6.125180150094831 3.2768447622177383 7.814706153714191 -2.671304455578685 0
-3.0960539604793036 -6.892515572648157 3.6572210316658946 -1.869569552152221 0
6.831661255218982 -6.449463390502002 4.522828861319816 -9.090587485434337 0
-6.370344855535819 -0.020087244616405542 -8.892075216808589 -3.3204195439163158 1
6.535406242576368 -6.761017758604558 5.9175770053166765 9.980272636046 0
2.019707701522762 -4.366779431417651 -5.6597066153240245 7.867690076898132 1
-6.328068242101061 5.8099165033099816 -3.7021359120691555 -0.8421092033978272 1
5.410958829099535 -8.69431426415898 1.7803015229421337 1.0320388059874368 0
-1.7031494656774946 9.776245953809212 -6.275954414001214 -0.05877365436276705 1
-8.897674825751523 -6.686518334195237 -7.200168978510053 8.489985003727572 1
-5.39506095754054 8.142384520839936 3.2524582527376147 -2.724588230293305 0
6.553671517410248 1.7697695461177219 0.6746125343828417 -1.027599911697079 0
-7.959343360063933 -1.5685005148581155 -8.92940360275972 -7.654526817175455 1
-1.1904110257078582 -1.6857359335467432 -5.833253910454978 -9.797423400820541 1
7.164422927150316 -1.439305076828063 -9.066436502883814 -3.274529006004978 1
0.19386289540834412 1.322743611392962 2.5900801690245157 -4.677610248696499 0
5.871439787481371 -7.8351431616097145 8.519593087392074 -8.964766639709584 0
-5.379771994317972 9.133579412192745 7.896792711258382 -2.7405315618248194 0
-0.5291618552812576 -9.806551036592124 4.703452331500015 -5.865364840815282 0
7.425334456317266 -7.240529722998568 8.884298766363013 1.4929062712266088 0
2.169020146674125 6.376749080595722 -0.8379666128371817 -9.007058784837106 0
-9.365376046285698 -9.303375283963828 -8.090148241706835 6.389643012223441 1
-9.62411414635368 -6.208015927745738 3.506168274079659 5.447696068584833 0
-6.819929604087031 -6.064308822441651 1.2853497534290614 3.3199679034255034 0
4.1400090046435025 7.3904099524910265 7.667166949863532 0.6931360992543283 0
3.278622782010064 1.9436756503949137 2.5964514982196185 8.730323613309523 1
3.91519550962807 -2.711792157793198 -0.28738114148795013 -5.806610052618469 0
-6.0296478309379475 7.998004379952025 5.076763350262603 -0.22705120127321443 0
5.057120730691063 -8.232657716538512 1.5702387159467524 -2.5177764207583264 0
8.233743116843591 2.935641654366588 9.759561652982079 5.822363322634024 0
-6.271514986264228 6.284304438074319 1.2549265922793662 6.931905112449762 1
0.9490156490965624 -2.353300522084858 -2.407675039985917 6.95283690757914 1
-4.400057600237726 6.211524626664925 7.375053958829746 -0.551919115970442 0
1.950370104675228 1.8686648354477207 1.4955315159544469 9.461371680009854 1
-9.619788746471539 3.9985567156530237 -7.655207154953326 3.8897622245989627 1
4.481349674905793 1.3916346628486842 4.823175688924689 2.0303829696939513 0
1.192053899894784 -2.482065032988478 8.404652881837912 -5.410089117522903 0
-1.7986656388049642 -4.605912041709339 8.316178828644382 8.461197440553967 0
-4.611496053901131 9.222258198897467 -6.877616872358143 5.052718157628846 1
-8.798485295552679 -9.58043255459075 -9.721711335044622 4.154782312765313 1
-3.075287099841953 -4.0418543372018645 4.624723281646201 2.040210514003128 0
3.4019326098256197 -4.143040641889901 5.493704600441415 6.0749667351714685 0
-5.255545037629965 -8.084814424456662 1.0197267678281356 7.900084508457603 1
-0.9562948093464776 8.23416840025424 5.314991014403061 7.432561922904938 0
7.25720547943148 -7.2628019281175416 1.3699130902339096 -0.42395345069733814 0
-7.324928964145229 -3.2243086439248003 9.619949267357264 -3.402591082294739 0
-8.718790322947196 -3.9866968716209534 3.0841283838717715 5.4112071745457655 0
4.253148760115161 -8.605516865125187 8.817144642700075 2.926155317693489 0
2.280486120120246 -3.733324180994919 -9.902133054403503 5.5427745572368 1
1.1412976683703473 -4.460174340998691 -1.1802637212779779 0.3299617196214282 1
9.380196081339395 -9.653624985653709 4.509924018384865 8.57426356292909 0
0.14286708898934108 2.8400981694153327 -4.983667004026604 -4.998264616016201 1
0.21279052857667935 -0.21136689717726398 -9.689110669279398 8.423537418199409 1
-5.702260159819041 0.8579240943828648 -1.0411969074499705 -6.036990286105159 1
0.6808093057047593 -3.772015573175178 5.182122262513948 3.711284513169865 0
0.42226751243696015 5.145429557723469 2.513971675609117 2.9767025041650452 0
9.42386985902591 -0.37863812290775556 9.031453916527536 9.838239842174772 0
-1.022895562716137 0.5427362051570288 6.762624175650462 -0.30785709592192134 0
4.853058622204301 -1.1795669581602866 -6.56674518216934 -0.19056174484505917 1
4.526801787483546 5.918314323098297 -4.822105634340859 -0.5510743662892565 1
-4.403876280376915 -3.3389006952646145 -5.612265914959171 -9.92298494133275 1
-0.7599619735290339 -0.9878682666943757 8.211269164748096 7.546092046371484 0
-1.6113464768741999 1.1867479858537955 -6.713786736436658 -6.4880407256748684 1
-9.480138485470277 -4.391676300798178 8.622899984564015 -7.710200416999045 0
-7.108228052401024 5.164499883060129 7.72207881009529 5.351847203439398 0
-1.6165056643036166 4.174713498881729 6.860536715397924 -8.21353385458707 0
-9.597962990310078 5.386838209591776 5.612353681622338 5.281637224739518 0
3.8135630672977054 -2.097477681015545 4.070519869398574 -2.2356481566029647 0
-3.5138953711895056 -4.554622748165171 2.5629537017187403 -8.224415768143258 0
-2.8163217120193673 8.530407083747367 -1.8497369577708973 -2.751757029742958 1
9.13306502616916 -1.7291748228768853 -1.7504173169537456 6.619737874349767 1
5.753395718768106 -8.533013052755896 -5.352131162971768 -6.51288767649339 0
-4.260227127733451 -4.715908461056031 -8.22805998145274 1.2244150920639818 1
5.638353122969599 4.6487766452896135 4.235733931396382 3.953301466096665 0
9.287427684600665 4.343566454998344 3.461970002805719 2.769447208097633 0
7.811827002022586 1.62020694539693 5.657485860061604 -0.16707890412098259 0
3.5037133235941305 0.48128792421981004 -3.449369342830673 -4.401966691287704 1
1.593225082235568 -5.780668923910499 7.84335209694256 4.352210249601109 0
-1.744096712321097 -2.984762973826058 8.78160522138537 8.623089923819748 0
4.6602836342077385 0.7369181082709293 -1.0634983593511382 2.439310072657035 1
2.231099572981524 6.343073635216221 8.037546101187132 3.584021617020243 0
7.057527649303854 5.552146255369294 5.32814997202485 -1.5801849176711986 0
-4.014292473119019 7.394978759355482 1.6912337349398996 -4.571447245215432 0
-7.05050495669862 9.07533894519548 -9.362183273854733 1.7640276565382784 1
-1.3815534940395082 -8.733931582333366 -9.54273001790192 1.5746991693184125 1
-2.44533110810843 5.606948998236296 -5.792191563269116 6.4283011692697585 1
-9.126820302329966 6.0491928377673005 6.2643572028932155 -1.0116050079477645 0
0.26393627035568734 6.71358107689089 5.823814009956902 -7.333957723229945 0
-3.744552951368476 1.4639349144453622 9.861234518161393 -5.908812534532839 0
8.77648316955506 -2.8619337434104235 -7.626342541594459 2.3894413181594523 1
1.4515274776797256 -1.6209510183984897 6.744422904342883 -5.980644592321223 0
5.522042946672718 5.634308181927874 2.8101927110019354 -8.96459914929247 0
1.302899324000542 2.0057977642676406 -1.1428309017719442 -4.859436958564687 0
-5.783313361736662 -0.45387348351285084 -8.27518405989615 1.0724125352530915 1
3.441552461380713 9.917860925528444 -3.3686461325876476 -2.3894999960191177 1
2.884819817509923 9.748027186379375 -0.2514814040702813 3.196027446930657 1
4.529447235393388 6.919539900835069 -3.2894793269073563 -2.171371903120294 1
1.0418959837457127 -9.133808406270498 2.497056160502142 8.579075005371024 0
-2.885391007465479 -2.251081900074688 9.189060008627457 2.5971379828917414 0
1.593312535693702 -8.047846872264316 -2.2409423123088867 3.9158050707510377 1
-1.8412760016773504 7.7759315782360865 -8.397262979082843 8.500977059428195 1
-5.768265302470848 -5.394531230060082 9.336850470030388 3.830040228304803 0
-0.8783324592202675 4.330936679371709 0.9105471629699569 1.454061126538031 1
-9.58048799976748 -0.16360526691542354 -0.7892520582014377 -0.9553171175871675 1
-7.376935585383599 -8.373121532811215 6.173678427048685 1.9622159252475875 0
6.589528021729617 3.37849454172793 -5.1964781718127995 2.302410371706806 1
-6.339813884836771 7.066363217328945 -3.0370026748891643 7.873397589316163 1
-0.9312838984201477 -1.988698355428653 -1.5631115139719611 -6.245618165906492 0
8.979040249682434 -8.647492784112082 8.703905117289011 0.02816707334653401 0
-7.026634400701046 -3.9683211752960013 0.7089690888415277 -8.12889508555153 0
-7.061318725244434 -9.086757117712379 8.610146339906983 -6.863049190783332 0
0.7357130821220732 -0.2482978783301082 -9.230621821702695 -3.313478889247909 1
-5.675825544771014 -8.274649207549356 0.26772675817243474 4.3994947523363965 1
5.115049364343369 7.245390189562514 -9.635230708471646 -1.4036988466298244 1
-8.618333055130512 1.3943826040470704 6.394206373483506 -9.353369849562576 0
-0.2428549987170907 -0.6389335076527694 -0.15172015073471812 2.5267554910385748 1
-9.242432732584923 -7.708814689726826 -7.579818640306282 4.999031667575256 1
-6.883647173835534 -6.7099895560810285 -5.376606624887659 -9.45943834898178 1
-3.5020750973944503 9.004541920712978 4.1436862528117935 1.9864545818474415 0
-5.419187043525828 9.920177393524959 -6.955187793945545 3.8024143869257614 1
-6.392446241104944 4.839626020017276 1.5998021459810037 6.687456347828295 1
5.242989169068766 9.350439158881354 -3.282442130493255 -4.932086656799828 1
5.207919166767574 6.416909479962619 2.3623278695875065 2.37311145040454 0
8.990290429552264 -4.454761004204908 6.210827710211838 -5.945000667938574 0
-8.265823522028285 7.255880946543911 6.219822972116809 -4.518205439109366 0
4.773022875199551 9.699626148771141 -0.3434741741356042 -1.2948517192525166 1
4.167379382455753 4.901279231079698 0.6825864497031393 8.112072104103579 1
3.954143661763517 0.9556377126095335 4.073196839757012 5.005776242854916 0
-1.566166312573678 -0.542207513236141 5.724434500311572 2.8506861642070866 0
6.152640726907087 -9.187868527451485 8.072044756787797 1.9786783989115904 0
-6.6553496932479295 0.8603040986698929 7.248210886603172 -1.7341805127832082 0
-0.26178422608120044 8.773392131767302 0.17186969192515278 -1.6894875239729163 1
2.9295681016711086 -1.9317195894842634 -5.0606172354936625 4.08400591039678 1
-7.8381881440286065 -6.493472209002428 -8.424784782911246 2.1888854555127644 1
-1.0788728632875806 6.511733610458538 2.1305663891353728 -3.834421118427085 0
9.543436382994233 6.748874520862785 2.463767317204333 0.2905090671488413 0
0.6329026048145003 -2.2714882291111405 9.132705538927578 -0.6549814218405245 0
4.185445728730215 -0.03821487967915971 -8.823017885522532 -7.766557063690113 1
5.0180544184866385 -7.88113976878253 3.993599314702955 -2.1130505110241193 0
-6.99782017859526 -4.508719488118822 -2.063206934983242 2.18493376119595 1
-7.128125262900853 -3.744675600499285 -6.3869561687692356 -8.879485574521196 1
2.3655276030432866 4.76973779715167 -8.176462049863893 -4.076559818036419 1
8.496388573909954 -6.358958038162594 6.9171876999419375 8.21071554624939 0
-3.2760146795933647 8.973162010374221 7.1810785737600895 -1.4569288024914346 0
-9.548324372976078 4.9129922112159345 1.8589718713233303 -5.441145842806989 0
4.69447985094104 -0.39386209623051016 -3.938548852253172 -8.653243720109467 0
9.306894369851832 -0.4563887930655177 9.331430496486881 5.448042856592895 0
-7.181302134875427 -3.4822521666269406 -0.7343170402207129 7.327793265046349 1
-4.175270523427175 6.575974869373553 -5.437920514236961 -6.669275315465861 1
-5.020435765394488 -8.044321795803132 -2.7177772659726696 7.175286463797896 1
3.6742417050261658 9.69915419167532 -3.2756156613047116 8.329259538778054 1
-5.645059854264938 -3.775382790721464 -6.918784716283781 -2.984078598688109 1
-8.539839228694957 -9.461311537504518 8.385545944473776 0.8211697673953324 0
7.774489947852597 -5.772513039618192 3.7839107586083003 -1.2112992547030466 0
1.406815255166702 -1.4207769928481877 9.991729331555302 -8.453616914981477 0
-8.559999688694667 8.961062146740598 -7.598050289726299 3.7965218881181997 1
3.390128033523741 7.68794070937269 -1.8333290396005086 -9.485553990757886 0
1.743495121799583 2.613083737664395 -1.1536293182996609 -3.173767281500856 1
-4.244727815674465 -9.494212327943366 -9.279450037618538 3.1290134544785424 1
-0.3483192373387478 -7.809801231230924 -8.148905249284779 3.4604672262820237 1
6.000994494347946 -6.932069037738227 -8.157464293668639 -2.344347356233474 1
3.1950818927906415 3.211343239421442 4.961539430040002 -0.09080756389130151 0
5.069843902164539 -0.42027740524124546 4.5336084835534525 -0.23695276401347876 0
7.390218201885347 5.299174241591189 0.6538179741009831 -9.358137394199789 0
4.846328630557423 -4.972443825833686 2.4317082697430337 2.4181679861222527 0
-0.6747911749669822 4.1020929817543035 -8.978792086031675 8.91463020917617 1
0.83254694634077 2.0630691250550104 0.6274440383081554 -5.132482578666804 0
-0.489707739450969 -3.2096236640721543 -2.1263576537886975 4.386122846110524 1
-4.342524028029471 -7.322664500458389 3.0343353431716906 -9.900214434816741 0
-4.2199323225982805 -0.4962020754926755 8.739088768839046 3.62690830680676 0
-2.6516879521823906 -8.170610552701875 2.760694096205871 -8.696934048097024 0
4.19916437925642 8.40730078198596 -1.7755898373997354 -4.619365207100843 1
0.5136153793453158 3.0707491557343296 -1.0186631850482524 -7.1522448696117635 0
-2.5938691446130697 -8.931135376304312 4.017704722776173 6.802534877387394 0
-6.6926558242220775 -0.0695811277795233 3.5652113528433524 4.461019532131473 0
-3.195271127620332 0.21441905800180905 5.822472719034209 -6.677497794104461 0
1.6737914390270614 -1.251915856733854 -3.3379985701191295 -3.7649974942984503 1
-6.9421490708979805 0.1268581593537217 -5.2304859234034184 0.5760260980188328 1
5.7151717631468415 -4.784238483326173 9.894076063813703 5.063786811091418 0
3.6040394973074985 -7.018997649416068 -6.151449280989441 -8.336586931896866 1
-7.838334370651823 -6.0479066554429455 -0.2647613023178348 -5.247391367685927 0
6.757282788110206 -8.627707157696262 9.80672280872147 -2.5071403372545653 0
9.86534677175814 6.213679094144766 -8.474053470439502 -5.268088582329611 1
-7.555580592378385 6.118867395857183 7.206193143388493 -6.66584412654678 0
-1.9206202316825944 2.9036275427584357 -5.593812686660124 -0.5156298590799242 1
0.8172959070420802 9.72390794307012 -9.661561124498908 -0.6835050284997717 1
-6.92729643567559 8.558876908443953 4.036462118837443 6.862503206060442 1
7.8241514017285425 -5.97336250982845 4.621612824963073 -6.381968466592718 0
5.640955045504533 -0.6449333882332358 4.5750760075274854 -2.2565269189702253 0
2.3996800784731036 1.3778827204276283 8.291526439450777 7.927568159109782 0
4.0333810188882175 -0.6161061652897679 3.2683288162191957 9.549877031836825 0
-5.892387374679937 0.6789585937751426 0.40671384509531094 -4.759593656864947 0
6.304933792260272 4.477770198605686 2.659725233369981 -6.095162320376922 0
-3.7927036608695897 3.974154169116911 -1.4368795688656313 -9.396448613340489 0
3.5321580774058994 1.5500043581227985 4.706297700849877 6.317363117342566 0
0.1876296367607999 8.646189973785923 7.251981181798026 -1.3486763126784318 0
-3.820218315854989 -0.9054283100007048 7.873002839511557 -6.326369645833294 0
-5.7227614840754875 0.681523681597584 -7.0682696201537665 6.771744425717117 1
5.058519610318378 -8.489268988216718 -2.455798931272315 -0.4702500408693773 0
7.238601374268562 5.348098598174484 -5.917527996525937 0.5656625902324759 1
9.239057351606725 -4.554693723712724 7.681951257255935 -8.51855858775593 0
-9.274089947463839 -8.796854962832402 -9.221423119994089 -0.5099037807373499 1
-1.96978848415071 -8.496109591053578 -5.035398222694307 2.3966936950765962 1
8.637671894470586 5.004161647314355 -9.929952336219475 2.6160563601885283 1
7.688232870867203 -4.76754806013481 9.856357336299286 8.350429877915097 0
7.008773148308258 -2.904011575757453 -4.933238907557276 -3.3236489910754896 1
-5.386500997386571 0.4381847597193129 9.169059359901514 -5.959573304518029 0
7.069981189752209 2.888402066199447 8.231326377456888 3.8428946898742193 0
-0.381834294409396 -5.665092194929255 9.625588875683079 4.468974139916321 0
2.9607631283240075 5.2336925880790695 8.05119456617161 -0.5692449021867567 0
-6.957153312873439 7.765252087135945 2.2059619049279977 -9.530935964556601 0
-2.265308424805525 4.765321360274841 -3.3508562176449175 9.058379642380427 1
6.261373900686976 5.842298403461401 6.281686162631775 -1.7514933743176098 0
5.0634372612913925 0.11697055707946369 7.42181712345506 7.647695532724381 0
1.4595458507285315 -7.542999358513831 0.6551068996112708 -1.167785539236137 0
-4.427987918407772 -5.0226593658042535 5.508080374607367 6.264880001629397 0
-4.61318673214654 0.66115733744709 -5.4541959161841636 -3.9313967783431476 1
5.755585923525386 -4.412395506632101 -4.842351930393569 -3.2102425265679297 1
2.0980971477655252 -6.613056141676172 3.003914074525314 2.7280570660000194 0
4.832299186600773 4.18365723187163 8.22805587283095 -8.489374074606847 0
8.70468707106189 2.2689900246298134 7.5295430860801424 -8.142830879214525 0
-8.037600729407178 4.039029528078348 -1.8461256231381729 -8.569028758870278 1
6.349745508453811 4.890387015644006 -1.4214488002375916 8.307193180971538 1
1.9391410572071788 9.144844413888702 -4.746030003636463 -4.696961736523287 1
-4.509620617935964 5.395787921776458 6.067492708457486 8.164367877222258 0
-3.606236764153201 -4.819368845248744 3.13189827475421 9.456347215115873 0
4.428962906603481 2.3933234566651933 -4.563538751882586 3.157631587168048 1
-2.380520613459341 3.067537560790651 9.353223200249786 -6.01051519521596 0
-7.1932605093887325 6.11390314864996 -6.006082247561433 -1.2849199746953577 1
-9.07774818118694 9.539906586356533 -1.289415764820376 -1.4850146813793597 1
5.246782715723498 -1.196198535119347 2.3601224688130333 -2.4836182054250937 0
4.382887390235631 4.766842145269312 -7.256001891141459 -9.666497591728287 1
0.6028929072895473 -6.983222640836182 4.175629272610486 2.1948416095268968 0
7.159792995869601 4.504664357166517 7.941261829877494 -2.4142385704385756 0
3.2929585136594604 7.010399409575179 1.001159278026238 -5.081337076445978 0
7.036987580837753 -1.100908749511838 -0.32946635797456736 5.425122730951346 1
-7.80468528203798 -8.272172238295992 -5.2145710897212805 0.006069537798222058 1
5.066837561244784 9.576210899114525 7.123536213623442 -7.700238019090431 0
-6.965621860531767 6.334876412730971 -1.1730599296192423 -0.7097266622912031 1
7.018959737661575 -8.437417587443349 -8.680872304580387 -3.6606899147684686 1
-1.821043981864328 -4.181091177345824 -2.595304840549078 8.430294673523125 1
-4.420443426961349 4.840495854420919 -0.8011176833210509 5.373765791777668 1
6.351767408631041 6.473789224207906 -2.6924117079112904 -3.826028101153498 1
-4.042704414949827 -8.4666875117648 4.053052102814084 8.984680846826897 0
-6.661714241314105 -9.08624269754591 1.2829566177599165 1.4702242333162214 0
-9.994544481640721 8.129832058854987 -6.871211923452183 1.9429811752515072 1
8.184158242539581 -8.60618451474437 -6.940838645357763 0.8285504110060256 1
7.767450087015373 5.437366330686359 4.547878113054333 -6.137374013381587 0
7.628989656021979 6.643576890335851 5.725496273548229 -7.657877314858357 0
-0.7539880542403701 -9.288194525120089 0.4878737380164839 -2.578019026043375 0
3.9266132474877242 -6.731555423144688 1.866016404270459 0.310140754728943 0
3.019121185932981 7.634344128265319 -8.249004123080121 5.881677719097073 1
-3.1387122720728495 8.472522334374673 -2.181167342680612 -5.826277564780094 1
-9.432047715306293 5.659349997414736 -8.74619125285454 2.2867095614575064 1
-8.625215323395901 5.830136897416461 -3.931194934079379 -6.925735379884051 1
3.216879940334284 0.10834573764046951 -0.841567485848639 -9.419259877894401 0
7.174285622410391 -6.642513709207895 -1.721207980905632 -8.507906424871077 0
0.7190803448221512 -0.3613361145546694 -1.8477872044044084 0.5602197737215278 1
-6.720241145910515 -4.529010505074997 -7.598337915924711 -1.82637248170672 1
-6.426314600430569 8.326037037742097 2.17624466049973 -6.4669635845069084 0
-1.002909621512277 8.240223982376182 0.8693588864298931 -1.398676568131851 1
9.94976669791409 -3.630531924863522 -7.867279756970875 1.085425145702386 1
-5.4117821917103175 1.115183594794967 -0.2952005069104935 -3.2979360085686293 1
-7.787100752154723 4.7068074438869125 1.89987655680393 -6.1136037648097385 0
-5.986666318439431 -7.471804524444165 0.39825227312880074 -6.520056994957013 0
3.853365901247294 -2.3896656243540733 -1.495360893567879 -0.4739559268896123 1
-5.655970163593553 3.992407153820565 -9.828217413399043 0.822545052041395 1
2.5958878959057348 -3.850707909488367 3.3753179884946007 -6.888865566637814 0
-9.75437357274373 -4.670354386032976 0.7979970779306598 -0.0331024712695438 1
-6.845516337799802 -4.4107947712432205 -6.619741324873532 6.128480014598846 1
-9.256083164093917 1.2603600159644461 -8.28020990832191 2.4904614879930342 1
-4.80550671192179 1.9197450770038298 -2.3253613060695333 6.92502765455319 1
1.691183296302711 -1.7291703378272487 -3.809940740334879 -2.998374971307907 1
1.2059829664563146 1.9405292207395437 -4.199058128076974 1.2567786145706208 1
3.673896618590069 -9.377184082281953 9.162600841425082 8.471392736699649 0
-3.6463710645855008 8.749908005820792 1.3174320736295506 -5.153332501388355 0
4.699874263825276 -7.719492291548404 6.5386055417599955 -3.8273966746684422 0
-8.828172534998963 -6.920425675173448 -5.788682397094296 -7.597756974698704 1
-2.003604750389081 -7.359724123707904 5.064519214375466 -2.722023253650983 0
0.0014224144450469822 2.5174392414574758 3.3921910440561014 -7.845164476095685 0
-1.2838753047137192 4.843233741561937 8.261319407206777 -4.376454171409945 0
-9.673700436542108 -8.28926486395365 7.186978979461674 7.321932002668355 0
-6.876270535426436 4.392665885576541 2.0089720139353684 -0.3473381599471459 1
7.964841562589275 -6.742511823315745 -7.828152408734416 -5.593959671862347 1
3.5874107050797477 -7.96671646288287 -5.669953064754494 -6.39755957769601 1
-4.434688592723992 4.643775993667493 3.294410639147367 4.633944123932878 1
9.617386791866473 -7.989760908904097 5.999305635732897 9.36248565919703 0
-2.756912127483977 5.499800532077915 0.5007131016948367 -2.760740868827634 1
-1.303090693791333 9.967395165354535 -8.896003076040293 -1.9646198796210648 1
1.0435550067170816 -8.706004636367402 2.096479537408877 -2.118253218926438 0
9.562546949989315 -3.357314366931538 3.9428370616899304 7.128595120830113 0
1.8685348808547868 -9.684918315190776 7.332133765935517 7.502486708936683 0
-6.7041801851644305 -5.207847239874173 7.581475337572417 7.770311417210298 0
9.989775644478595 -6.15645019589405 8.217651969930081 0.17137221182731643 0
-2.6213856641401234 -7.468788537258392 0.7804261022474073 -5.616991731179873 0
-8.055766036576237 8.06791155646922 1.8914083189241087 9.474117048657163 1
-7.971410103313374 3.57749912367491 -8.130544863159528 -0.45331240609876033 1
-5.8304717379830295 -9.92601513091145 -9.385787972570427 -8.351151028712225 1
5.572168717387303 -0.7830959772600004 5.279682204904086 -1.9116946241506803 0
-5.462578626678818 -0.1515253761214055 -8.078008463261154 -8.164818606883202 1
2.384269994655803 -0.4503739788054961 -2.633068147148652 -1.4714458604500553 1
-6.598055981683084 -4.383380597601716 -9.601814752493693 -1.9991817805988568 1
7.388581012983536 6.063877262214913 -8.908702548573286 9.412539777394748 1
1.3548884714278504 9.887263157045005 -3.52226451886718 -2.696736979026344 1
-4.756589987272095 -3.2546879312551997 9.458751508168667 -1.1648343483773047 0
1.2612889086575656 7.751644139048043 -4.8986540965285315 -2.588677537266193 1
-0.1711631784147407 -5.775974155725452 9.132231031604377 -5.230778018893534 0
-3.5608232190296407 6.345131065923432 -5.6581004441563 6.206486954129126 1
9.010126247417979 9.691201510307856 -1.1566618062972172 -2.824246974318072 1
-9.639706312127975 -2.8626098826249846 2.9362291187346283 0.010101577924473304 0
7.053150562324941 -9.621393524424812 3.2756219383767906 -1.9651563697397059 0
-2.16714474547814 -7.083217952390147 -3.50386622315896 3.6189024921919444 1
-0.9397698475868346 8.424026034721194 -5.89649732562938 4.124066650038902 1
5.415761643934985 7.818120326996812 -2.782406516702249 5.312635701322794 1
-5.156633991618824 -9.819903832161323 -2.404907920118637 -5.9965729908562215 0
1.9491004586570106 -1.468988706986865 4.954186507902676 7.479243996987488 0
-4.29458258238121 8.949792833582773 -2.691955459857896 7.994960773893549 1
8.536796796856166 -8.416857686124324 4.83426348454625 -0.9556625100337417 0
-3.063799449669995 3.2585796952298995 1.6806816028423466 6.950033951112502 1
6.619088367073889 -5.82636290887482 7.581765896759549 -2.0843812200258283 0
-7.599140432278759 -9.15329530513543 9.632543041004034 -3.907155255439223 0
-9.329899390780522 5.369916773752141 6.900072998196649 -9.492923791582273 0
7.470548110006348 -3.679644045782979 6.644580440106097 8.699638602589484 0
9.630709440955982 1.7003693595312477 3.190173498969081 9.253460530659556 0
7.472878156624535 -9.74710360668465 2.0815595815678645 -1.5659138803914203 0
0.9739849861512084 0.02698551722622966 7.172425978614317 7.587512649879439 0
6.848803039280757 -2.0559290690750576 7.222944413824944 -3.212353559564985 0
-7.084483463873605 4.643141955793677 0.1625463568896901 3.682926001936826 1
-8.301351273838936 -6.95884575096686 -7.639237227258546 -6.32278214981903 1
2.7380260580671703 6.366648157187228 -0.061243736363001844 2.696363489109457 1
-2.976855354622561 -5.029493250637691 -1.5343707737389742 1.637461784127666 1
-6.6463790653291195 -2.571219638008988 3.5139497942605615 6.904624452695984 0
-3.402717970152354 2.830093459161123 3.508867993752375 -1.7802828714073584 0
7.177288416029906 5.5590296655317655 -6.665869978992958 -4.909484311161336 1
5.150020690803627 -7.868498705475235 -8.75986407200537 6.6326511010985065 1
3.4099886983644367 8.799753010076067 6.163553424382673 -8.131865619799676 0
-0.76934182994518 -4.034995904003593 -6.18530732758509 -8.622846908532825 1
8.984436854853342 4.354658460556369 -0.3369817720169994 4.018778987257299 1
9.793895407271922 -1.2638356707726714 1.5200030514463752 2.7411928790275653 0
-0.09139701790333632 -8.83803087238691 0.03003009398651102 -8.366180611210776 0
8.901438332946451 -7.441121206850143 3.667618326785645 -7.014359826476751 0
3.3290142725160514 -8.446327061590024 -9.437898734509938 -4.850357568166324 1
-3.597877487191578 -3.4825861472508794 2.0487419958081876 -8.674178445169996 0
-1.7539503816922792 8.238168607532277 -1.5857106766766442 5.632635515794176 1
6.77376002058206 -4.484951874092722 -2.5506849359311845 -7.570018981975752 0
3.935988550323163 -0.38254243827193335 -0.3422408939316117 0.48741259144286 0
-9.881447760779235 5.948189584475481 0.3601902176359033 -4.086070884727835 1
-0.756867578180616 -9.128600522104662 5.4413705161283215 -9.318475544791385 0
-1.7284892993638028 3.440669819017403 -2.700638806830595 -3.5399979222136775 1
-0.9384665756678938 3.1462472751593857 -7.966195380131249 3.6923027176611374 1
4.975046384119327 -4.025766214611433 -5.514189717990168 -2.4002525809482727 1
9.67988402406916 -2.3336339445827248 4.438384969427959 -3.470309867553107 0
-0.4462973482968895 4.727955388599307 7.833835608946316 -3.5471628396860844 0
7.05121268599131 1.45373791889355 -0.3939309703933258 5.126638656789789 1
9.282767546885971 3.7357929912592436 -4.319338204951539 4.457231732147752 1
-3.320598430757218 3.315718265827332 -9.238529991247667 3.467863012957304 1
-6.714945780828807 0.42771546600690336 3.6658911914634693 -4.204468690269046 0
-7.2046086361805735 -7.345369835740819 7.920362238601559 4.063970747309195 0
3.878957068288738 4.638656484900183 3.5437607013080843 0.2900138096597864 0
-2.677223753117075 5.06042021518607 6.313864164876438 -0.7403638248252484 0
-7.425820112192909 1.7538034174736374 -7.025248612862445 -6.8714755864637205 1
-2.9652035045936636 3.2809491339360335 0.890635971070509 8.943337423268876 1
-4.175845148203088 0.1633878150922321 -4.594718383626148 6.905865968165756 1
-1.6318643517071472 1.1274629294164757 -1.5865903819111526 -9.244365307303546 0
-5.460690003613353 3.2279935681121863 7.327903441737405 -2.018361468049868 0
-3.5009131120303927 0.6396879596877092 8.59752343341173 -5.70102470740162 0
4.9260541680832475 -5.175242198348428 1.5276443169805898 8.221442133032262 0
1.2644700487116616 -7.0322365544513366 0.8083114632186401 9.907871007847799 1
-3.1739356981448674 -2.1145668879841377 9.550948236614808 5.136286205601756 0
2.5511400675223133 5.374024606800283 5.535467916749559 0.8704005233703853 0
8.97145157500768 -3.2135022342621955 -7.693553157646013 6.752640156451804 1
3.8079603643687214 -7.061796501234983 8.603803420094941 -1.534040662125559 0
-5.644103571700974 0.014069595922901357 -0.6791751338728922 3.6634978471440895 1
-8.850007465451746 9.779759544472544 3.5167162381492254 1.026518927879053 1
3.026831400790675 4.5478703249433945 8.615799525751363 -0.5614974457606827 0
-2.080520333216289 -6.45413661187572 5.767161796810429 9.452474473469294 0
6.6214944822335795 3.254653708041177 8.362253533416865 3.0807673962695397 0
7.866839183708123 -0.26561229788221397 -5.722639675070096 -3.2615842802728157 1
-6.533313716045623 -8.360863646072767 -3.1815158875097804 -9.34955887693603 0
-4.127432020717028 -5.867685001020293 8.955544480310817 8.835402553514491 0
-8.774233614579268 -4.004811747304111 6.950599259057906 7.937295934948164 0
0.4762836149935108 3.8588464704337326 4.3408282905283855 4.17747376568906 0
-7.483129794305439 3.509242785452768 -0.5376140936046241 5.2416457479612095 1
-3.0448013056452394 -5.367847077549324 -0.07410537521639426 -5.139993432104455 0
-7.84796132083091 -1.613961852952226 2.010073431164603 1.3865074517901945 0
1.2043481882680247 7.605132000467275 2.9664836684798885 3.649988429135817 1
7.253994500681117 6.778720556707892 4.2732399519065645 -2.8623666988850305 0
5.347919675188059 2.88792960346151 5.192658038954903 9.580285374149451 0
4.7020757566589655 -6.424015761545306 9.563789058787776 7.249393454017564 0
6.669929742791346 6.621755445643572 4.0874121506678875 7.586978972500162 0
-3.012055262461537 -9.445454974937832 -3.615873391008 -9.499484374531793 0
5.567106613080888 -9.688724657447105 -6.466909740066862 7.4805854652766754 1
-6.467349520640788 -7.4863804666234035 -1.6802306539537248 -1.7903752065124134 1
6.113461774817296 5.086092362872616 2.4117034465682057 -4.176767563519437 0
1.717228766681938 -4.450266401835535 3.3750650877454014 -5.059131428743613 0
-3.3877628129797 -1.5519159495630763 9.13898556606911 -0.005287172846585975 0
-3.5928039598616017 -6.654311019270047 -1.9169668317028332 -7.432995641145239 0
2.9547236075128573 -1.966448677805257 2.839148585246223 -0.31649733864117735 0
6.594383156599129 1.6968232833284311 8.339540716569498 -1.4449184260307035 0
1.0916793015082398 -8.776321883663215 -9.32671123055178 4.500934061904234 1
-2.89165220576892 -6.498259960234119 5.149364999755742 4.564645294187146 0
-0.1976461538843921 6.0156439493127465 2.5722673956136894 8.104879399364375 1
1.269851063914782 7.025192608882588 5.8991254018218875 -1.5318394935804598 0
5.912935454474713 3.948527809306821 3.6833754310994475 8.78561691479839 0
7.0927190974877945 2.047913385063289 -3.080791625130983 -9.072868811384108 0
-3.3630359609537823 -5.726878464704739 8.734297058676393 3.2797364298148484 0
5.25712365840735 1.396109019598752 -6.26632143130524 2.5926906446304088 1
-7.005457872114582 9.623126242434612 -5.33240652560802 7.18791282908985 1
4.984032860917644 7.778027417036849 0.2761227796722405 4.404803312462395 1
-2.7711398793482545 6.622584576344632 -7.702952680317532 3.7214992753251774 1
-4.276371105738129 -0.010315939419564657 -6.672227798735692 -4.832625847567707 1
3.6294466628776867 -6.905309585200763 -4.512290795289886 4.0589203653648305 1
-2.916824094638959 2.2174682370086103 -6.669896178879489 -6.194029236030332 1
-8.021450503958336 9.39000235729712 -2.692906213565318 -7.996388671399409 1
-9.681567804782457 -5.499052397726598 2.9067288952175208 -8.431641692628052 0
3.797226274597156 -0.2351184817016545 5.5286430509736775 4.688589668432213 0
3.5095377915196195 -4.571739115636713 -4.0484496339116705 5.2357967478102765 1
3.053829491640583 -8.75689480987296 4.886489021749181 -0.0007666133135444397 0
-8.089678718203828 -6.400467086239539 2.2474982821310885 -6.855288136693282 0
-2.1844976510944525 -9.544707135121438 8.02758737646002 9.068959048744095 0
-1.828076718555689 8.160095625840135 -5.081830348652227 0.7956590320897039 1
-1.9452685797498255 -6.723572039420523 -0.21300685486493975 7.420540365177835 1
3.970166429731819 -4.325545314910313 -4.606131493648902 4.7915530262119415 1
0.3887062489456028 8.321239535612243 -5.455753795779783 6.818393024071806 1
-1.3730600953909615 -4.0379421744066395 8.007706826524068 -9.25916883581819 0
5.275699164110286 3.8036708190355384 9.353687380132495 8.687793904343103 0
-3.0494594168110423 -7.3455224146440035 -8.769025661949463 -4.224287407810201 1
-9.97160677828745 6.051013261872299 2.873992157182638 4.096924330617695 1
4.843416561689118 4.3548659505149345 -3.4230210883180057 0.9737205768039701 1
-5.88468360428714 -7.19458689200549 -3.4965132180428915 3.866893431800362 1
1.8429540285637422 0.09218894507557351 2.050441825984752 6.786188848480855 1
-4.905655159618767 2.5195018061004646 -1.2581050108268457 -6.68061493460441 1
7.615296627435097 4.0825328346125005 -2.107103800176329 2.467184895499649 1
8.432718991224611 8.65077618086137 9.450044102152525 9.307081686206793 0
4.650480551239935 -0.9355034807053109 2.835643188748886 -8.173415909710624 0
6.386988800633265 1.7762012155321916 6.21659094172778 0.10037407109883922 0
-9.8147983888386 -0.1156245790267878 -1.9928082440008126 -0.2251228937927774 1
-8.08710837345745 4.113356600215592 -2.9936422064310753 7.271831551612674 1
-7.21841781957536 -1.116317798704813 2.8756316190652047 -7.243618062054438 0
-7.499037169507807 8.047126386731279 6.893226996275676 2.835842603947384 0
-5.31217158252433 -2.959339922052293 3.75905572322287 1.4614058031848902 0
-1.3533876143879642 -7.024265970231642 -9.007108662837762 -9.05552680139083 1
9.721350083587652 -1.2347798382661246 0.03889251576246089 -3.918900827689999 0
-4.249331771826592 5.386648437202233 -8.648163158882749 -0.6891767781182878 1
2.5800989488829273 -8.614649292981122 1.5764601860901628 -2.1515567000064824 0
-7.218017570525523 3.517955428737288 -2.2317303060140636 -5.311880789749477 1
-0.711249642166818 9.985889172242036 5.211008275887677 -0.04909216038891984 0
8.344351555362902 -5.331913709736336 -4.60294961695372 8.787966113547025 1
-8.464124202429826 7.859691176588747 6.535511232298845 9.652321129976574 1
-3.35066536287915 2.8871860512387215 4.752812597613229 -1.1932696458957572 0
2.9330637498001586 -6.585456740169482 -9.861525316291786 -2.2116747770166834 1
-6.725800173220597 -2.853102033535741 5.940475231746801 9.567670749299573 0
7.7860839586298844 5.969621102961561 -5.578450321292918 6.773100091481755 1
0.040538364646820924 -1.7155103568074317 8.64303958295988 -1.2437096173648783 0
8.39599996344732 1.1831785800538164 2.577488915090921 -8.055106108446349 0
5.205825058261064 0.09931929536173278 4.293553228993245 7.824097300336923 0
1.5177375580368135 -5.1212816624238044 -1.1154876276013237 4.425544514384537 1
6.300538168716699 -7.822289176438934 9.58648619646291 1.883411067786172 0
6.325487791591296 -6.10867567170456 7.427999642011816 9.381406811751912 0
6.216366918149461 -8.865928579538643 -8.81448505384448 -8.755407990471216 1
9.240361000413316 -6.692552219601939 -3.6811605542196757 6.088726463944173 1
9.818470584483393 0.8785234989706723 -6.943118580879979 9.93816925248695 1
7.727356747670353 1.0129724374641995 3.56505076647216 3.7090073252343956 0
6.382593951447642 1.081330913136732 9.287773864395959 -9.989743488721128 0
0.011394152158706206 -6.047675990836416 -6.297430768589947 -3.4383413585175333 1
3.8600876216187423 3.302004606643882 -7.955061926585543 8.014399535810746 1
3.6102309786357445 -6.042300223570372 -6.693786987562578 9.033629087808343 1
-4.836492969973123 7.147039204958119 0.8812060566930047 0.7551855171403723 1
-8.729146743476958 5.680723922040913 -4.684657545615987 9.168729459876456 1
-2.5723752487358027 -5.8120148642976925 -3.477637687492967 3.4008038978802624 1
-5.119212763053335 7.251649828635973 7.7479745711948524 -3.4097694048205724 0
-3.0127097148649007 -1.9321854339988302 -1.707982513779136 -7.79830490674642 0
-3.9345905180854235 -6.140145360253126 -1.5335487408832993 -1.247059379544492 1
4.023305077066976 -0.40483910623567354 -3.6037901154292884 -3.302360263337598 1
-6.689876623997771 -2.9752715289412883 9.249417791746236 -4.268052183657058 0
3.216494234979807 -4.1638011698091 7.962903646708092 2.371425333314587 0
-7.866388668323683 2.5354490019705427 -5.445689072563393 7.991905055474643 1
-1.5053708845935514 1.6897210354405132 -0.6965243578713487 0.5442970717478506 1
-3.02092509230504 8.461238968001474 0.33745998351288975 -4.203282430406599 1
5.437792744780969 6.205443628981058 0.7328181066196215 3.9907816920530834 1
-0.2788236201916465 -9.785715840644109 -9.099542065431695 -7.555934866725149 1
-1.7510459108212366 -7.790465582616268 -5.842461878818375 5.120613040894453 1
6.608069714022523 1.5483739973557817 -5.483322515958182 1.442603936711075 1
0.3056760495323054 6.430722144186785 -2.922715762757015 0.04697594047140896 1
6.153920560691542 -5.537128598572679 4.2722709774814245 7.082529928797921 0
-1.6359996834254318 -7.586746979826591 2.915858183733137 6.467409700353343 0
-0.6370951327153307 -0.4335040969813502 7.811096737507761 2.667290082888094 0
6.302401817638234 5.165945104490133 7.159624073356689 9.167602542223936 0
1.3809556325896537 7.900672682593562 -6.792249337985929 4.0206573756579385 1
8.974842712881536 2.3665998719354455 -9.550198597444146 3.4629483932662186 1
6.564383334677469 2.7746847409488407 -0.8569663773152847 2.9634232278976143 1
-9.916531173948552 0.9657137652561261 -1.6516401545926271 -7.464951463207061 1
-2.8195476583136987 3.458063304388638 2.989674305929169 6.709516108121036 1
-1.9617998353026227 4.599573994645969 -5.251861607551936 4.563724400022533 1
2.5738035182625314 7.298885710462329 8.341102209303724 2.7159003696157473 0
2.6518252505951203 0.2840623445774444 -5.927589976041514 4.916411923443329 1
8.950707253038185 5.406169650380724 7.6039665211816505 7.647578297037903 0
9.957802374181352 -8.256531154504875 1.649972437342445 -0.20465313697886245 0
2.1419556386437826 -6.1403451339368065 -5.85865450533263 7.379165242682838 1
2.6879940273692178 2.09597755233451 4.287175216832084 -0.8679804946172194 0
1.4224320948667533 7.89122073527529 9.488261266490412 -7.82744954333012 0
-0.385193999819343 7.248096466935621 -1.2940634245712364 -9.991044642741917 0
-0.038221447506902706 3.76960420511616 -1.1760784719203166 2.0548721769630554 1
8.110219727215238 1.508937239969077 8.813429481165212 3.2294610667855235 0
-3.286913745583222 7.2787481548813915 -5.754063999577039 -4.741084700941116 1
5.839116451656668 4.210622949222731 6.3615509845529274 -2.6800973778847936 0
-5.048825605993159 -9.876516156090682 -6.250584183253547 -2.1007144899463315 1
5.201084148488345 6.551984510035375 -8.044941859102874 -6.377099614594696 1
5.105865262388065 -5.383153392684905 -7.961018546685839 6.508225178619913 1
2.4261391458121135 -6.9656857387882365 5.056446017800901 8.47668212200287 0
-7.331510963614713 -8.817753575510894 9.365740509581698 2.512531905882282 0
4.0050267180428065 4.551681249142996 -1.6718803705582737 1.2671286845210332 1
-6.545746212171045 -5.53110442214606 1.6624139711977008 -0.054074116895320046 0
-5.665302470204409 0.07824902105714315 6.506641645836492 5.725910288537959 0
8.990441929742712 -1.812111263720082 -9.033465741396526 -9.718715669482902 1
-4.027059315172965 -2.933813511996563 2.0539959399466277 6.143803424037806 1
-2.4443735373315274 -0.994401797331733 -1.2742764345189777 -6.7421354393011645 0
5.1714801825213215 0.8096973370300269 9.026241855270055 -8.915669829831408 0
-6.930377887230126 5.700663474067477 -2.379371449614447 8.723882770391697 1
7.862563848629065 5.808562870548519 -3.0768314662595175 5.009839236671477 1
-2.7429337007978427 0.012887373511688338 -8.093769180184182 8.2893441464254 1
5.602577021275913 -2.666155380078303 8.417482391800192 -4.1690102661046495 0
5.2754665623439365 -4.867360684750803 5.468838899932804 -5.864495394653668 0
-4.658847973732656 -5.700249971671562 7.286121386555415 -9.000048734873474 0
1.7729950937624643 4.6467268803392585 -1.6184631062131611 8.481328393916897 1
-3.929506796497688 -4.024221110058508 -1.0666776626658514 8.872837560084477 1
9.531670109267129 0.1751459992195059 -2.1409794575819197 -2.336283244374709 0
-4.903902391830146 -7.646474206104566 -0.012418083627295573 -5.178628186707055 0
-0.5114438545125228 5.845484399223636 -8.759928387948026 2.7038179962977598 1
-0.7654819951207266 -6.80573672039338 9.309461747699753 5.933616650254505 0
0.32937082076788293 -9.686851980503949 -3.170618584179814 5.978015872254414 1
-3.2198655311760227 9.330707087377252 5.18554567770982 1.3857310459492318 0
6.191975304235996 -7.878755597354738 5.937648285066979 8.861503486602476 0
-4.2507966100188765 6.400602321953134 3.3070557907948146 0.26007635511415117 0
-4.152517106466771 1.5287550130281229 -5.707713726410568 -3.4852308390718783 1
-5.683211092735627 4.8795281213077715 0.9618088446023698 5.668699338429398 1
-7.907469305513482 -7.926602277379892 -2.340493665729464 8.797405688347151 1
-0.5216946194345962 -9.566625754629962 -8.414829366788156 2.461626951946414 1
2.1353966512205993 7.418699161066545 -0.3449453960091482 5.8421273335909625 1
3.799389428776559 0.49675527256997576 -0.8979855142614639 2.1080780797074112 1
-9.736071989932892 7.246049840495726 7.509376499940231 -2.3071228925321208 0
-4.620304388528799 -4.028563682368418 2.0398278205543736 9.858148464410487 1
-3.4394062818371722 5.473412489755344 -0.40286909913114677 -4.436551585187591 1
9.108236117943733 9.62018478002986 -8.980950282257979 1.6474280632421525 1
0.5011599334420787 -6.430155200287704 -7.733938742895878 -6.141315028647034 1
9.356986137271115 -1.487637293394858 5.206038985791361 -4.477561540092938 0
-7.553746633108734 -6.159947029908393 1.711778931485071 5.986310763002589 1
-3.5227638466387408 -2.3828232818441197 8.388080117197255 -1.015405407943966 0
4.739319938495711 -6.8437357574810225 -7.7360979173797695 9.827191352007933 1
7.314949540548778 7.301397401519864 -5.430299189727473 -0.8161834425784846 1
-0.8458438234361338 2.4667696932793444 7.281169991421027 -1.541284400383848 0
0.8752800352009942 -0.09230170714549679 2.4851235292677742 0.42496932427932244 0
3.4314838206264184 2.8122764230159003 -0.9925496826407727 -8.572287589480034 0
8.61020838357615 8.20828436543593 -8.863822013698261 1.2515250531761435 1
