2 79 -8 -86 0
6 -29 88 -80 1
2 21 -26 -13 0
16 -1 3 51 0
30 49 -48 -99 0
-13 57 -63 29 0
91 87 -80 60 0
-43 -79 -12 -52 1
-42 69 87 -86 1
89 89 74 89 0
-50 7 -46 -37 0
30 -50 34 -80 1
-28 66 -83 31 0
-12 -41 -87 -92 0
-11 -48 29 -17 1
-9 10 87 98 1
71 -93 74 -66 1
-20 63 -51 3 0
31 -99 33 -47 1
5 -97 -47 90 1
45 -57 61 89 1
-87 -6 -53 -86 0
99 89 -61 -19 0
10 -48 -77 53 0
87 23 -60 56 0
-86 -56 -36 -12 0
-30 -92 -13 28 1
35 -38 38 -20 1
35 62 62 -68 1
22 -96 -60 -73 1
34 -29 -89 61 0
-68 -53 50 -39 1
-64 -2 71 3 1
-66 92 0 74 0
30 -100 -96 41 1
2 -74 36 -86 1
-11 -59 23 78 1
-38 -5 -49 -5 0
31 50 42 70 0
-72 -65 -88 59 0
-30 86 -15 -73 0
-35 69 -56 -39 0
84 33 -73 -73 0
7 -57 -17 -71 1
89 -26 27 -9 1
89 28 20 -74 1
89 20 15 -98 1
2 97 99 54 0
36 -39 64 -50 1
71 51 -42 17 0
59 -5 79 12 1
-39 85 -49 -89 0
-62 29 30 12 0
0 12 83 -20 1
86 12 -99 29 0
-47 -14 28 46 0
25 29 -48 71 0
59 97 59 -33 1
82 83 22 44 0
-63 -77 -32 15 1
-3 97 38 43 0
-4 23 86 -31 1
-8 -98 47 86 1
63 46 -11 94 0
46 47 -5 98 0
-49 60 67 27 0
-62 -19 3 28 0
-90 84 77 50 0
58 -59 -2 -94 1
43 -11 11 -41 1
12 -99 28 -53 1
39 96 -64 59 0
-92 -2 46 -53 1
30 47 51 -47 1
19 60 51 15 0
-26 12 99 63 1
65 3 -17 11 1
-2 52 -8 45 0
27 9 -19 93 0
-47 62 88 68 0
60 -33 -68 41 0
-80 -53 47 27 1
35 34 94 44 1
27 -68 75 86 1
14 18 -79 57 0
-63 8 -50 81 0
-93 -74 -74 -80 0
-71 -4 -73 10 0
91 96 -40 -53 0
46 -97 -66 91 1
-52 -84 71 57 1
-55 16 -95 -2 0
23 -64 -77 -8 1
-55 80 -6 -2 0
87 15 90 59 1
60 -34 27 -83 1
-76 -47 -43 -34 0
3 73 -77 13 0
-69 74 -15 50 0
93 26 54 29 1
-84 3 60 36 0
-58 75 -62 69 0
-75 -2 -51 52 0
51 -88 -41 34 1
-44 -65 72 -81 1
-36 -93 43 41 1
14 42 -9 -3 0
-35 -69 90 -15 1
-50 52 85 -38 1
89 24 49 -43 1
-43 -15 -52 79 0
69 -31 -86 -47 1
87 0 -93 -48 0
-41 7 -96 2 0
95 -95 8 15 1
-7 -54 -2 -46 1
67 -49 43 -88 1
13 23 5 57 0
46 44 19 -38 1
-82 -9 -43 82 0
-11 16 -39 -78 0
26 36 39 28 1
-43 21 -100 -67 0
-5 25 17 -53 1
-12 16 28 -85 1
88 91 90 -32 1
-79 -8 94 -25 1
53 43 78 -15 1
84 -72 -32 -54 1
-7 89 96 43 0
75 -16 -62 -1 1
-68 0 -78 -91 0
-32 -1 -67 79 0
37 46 85 -5 1
-100 -32 -97 -85 0
-77 -21 -99 27 0
59 -17 51 39 1
77 62 23 -68 1
60 88 78 70 0
0 -89 -34 -36 1
60 67 -27 -58 0
-57 -72 40 -89 1
-6 -55 29 -66 1
-20 -11 -93 -8 0
53 -11 61 14 1
4 34 95 -43 1
13 -26 56 19 1
63 -80 63 37 1
0 51 91 76 1
-2 -65 -5 51 1
50 89 -64 -89 0
12 82 -88 -78 0
-2 4 -71 -84 0
12 -39 -17 11 1
-15 40 86 -82 1
76 -1 39 88 1
46 -25 -92 98 0
-73 27 -49 -18 0
10 43 16 -32 0
-2 39 -76 79 0
22 -48 50 43 1
-44 -62 8 80 1
-59 85 66 41 0
21 32 62 -26 1
45 -25 -92 -27 0
85 44 -94 73 0
40 67 69 36 1
77 -74 21 93 1
-96 -72 64 65 1
-18 35 8 -36 0
-15 44 -30 -56 0
31 -65 -31 58 1
-82 88 7 81 0
66 -10 -11 -82 1
-62 25 94 72 0
40 25 -43 47 0
99 -40 26 4 1
66 -100 30 -9 1
89 90 12 52 0
-45 60 65 16 0
33 -43 -57 72 0
59 72 -40 -54 0
48 -21 17 63 1
46 -81 84 45 1
-54 -52 -87 42 0
58 -100 16 -47 1
17 -98 43 84 1
-89 -27 -85 99 0
1 51 55 16 0
-93 21 -9 63 0
-11 35 85 -41 1
77 -73 0 -60 1
91 54 90 44 1
60 56 40 -55 1
-66 33 -19 14 0
96 -54 52 93 1
-91 -45 -71 8 0
-96 18 -68 17 0
-36 45 76 -90 1
-16 -75 -38 -15 1
-42 -74 76 60 1
-3 4 -2 28 0
48 -46 -95 96 0
-6 32 1 -98 1
80 -78 -48 64 1
-18 44 -16 -23 0
9 -100 -50 72 1
-97 89 92 12 0
-69 -67 -9 -6 1
-29 -62 53 61 1
81 17 -98 22 0
-51 -89 92 -47 1
32 -44 44 11 1
-54 50 -16 41 0
-35 -26 78 2 1
65 91 -63 -51 0
-3 -19 -71 -22 0
-10 78 90 -49 1
65 -22 -71 5 0
-50 -20 32 -72 1
31 37 83 44 1
-27 -84 -17 -32 1
-67 -95 -48 93 0
25 -58 14 10 1
50 82 -21 -6 0
17 43 -93 31 0
3 31 83 -76 1
94 -5 94 54 1
-8 59 77 -40 1
21 -50 46 -80 1
-96 -9 69 -40 1
-79 48 -31 -100 0
32 -89 -11 -55 1
-67 76 -23 -56 0
54 -28 -75 -54 1
20 -45 -7 6 1
-38 -53 -40 -20 1
-75 -65 -100 -93 0
12 -2 79 -54 1
26 -45 -87 -73 1
-23 29 8 53 0
-87 86 -45 14 0
-94 -98 10 50 1
6 -83 -63 14 1
-86 91 18 -73 0
-62 84 -84 -15 0
25 -57 -76 44 0
-88 -76 -33 37 0
-34 8 45 10 1
10 -67 10 -93 1
67 12 -18 -59 1
68 0 -95 79 0
-75 -37 86 83 1
-42 8 97 20 1
-68 80 49 -80 0
97 -31 11 -97 1
-7 -26 89 -39 1
-7 -6 51 -46 1
36 30 -70 -61 0
-65 51 -95 -35 0
-26 -97 -22 33 1
17 12 -7 78 0
-39 84 93 -22 0
35 -75 78 72 1
-57 32 -31 53 0
17 -33 -82 -81 0
12 39 -54 -100 0
-11 41 -37 -63 0
-64 25 38 -1 0
-24 -98 60 33 1
77 -91 -96 50 1
37 71 29 -88 1
67 29 -17 -36 1
-38 0 -28 -84 0
-92 42 51 -63 0
62 -7 -6 -52 1
-32 -39 87 77 1
-23 16 19 36 0
61 -25 -66 -100 1
-61 -37 49 -41 1
-37 -8 -29 -90 0
4 -87 -41 -71 1
-66 64 -96 -18 0
22 -23 53 -39 1
31 -12 -59 -12 0
45 -61 -29 -62 1
3 -87 -69 78 0
24 65 -4 -78 0
-38 42 52 44 0
93 -48 3 3 1
78 -62 78 97 1
33 -34 34 78 1
99 -59 91 -86 1
10 56 -68 54 0
63 56 -63 84 0
-4 54 82 -68 1
95 -15 -35 -91 1
-96 22 -27 -4 0
17 -63 40 58 1
-54 8 79 83 1
-86 56 35 -96 0
56 -54 -33 -25 1
72 29 54 -6 1
14 63 -65 -75 0
-58 -74 -32 47 0
-90 -27 3 -63 1
33 99 -78 -54 0
-11 -55 6 39 1
40 3 89 10 1
3 -41 70 -1 1
-33 32 19 -64 0
-29 26 5 -9 0
-70 21 36 -50 0
-72 -61 -60 -90 0
50 -100 -55 0 1
48 -11 9 63 1
81 -44 -100 -38 1
81 -46 14 67 1
42 48 74 -48 1
36 79 -44 16 0
53 68 -66 -38 0
-76 -11 -26 -63 0
29 34 61 -10 1
-84 27 70 86 0
7 78 81 51 0
-76 98 79 97 0
-13 60 76 -72 1
-38 49 53 55 0
13 -52 98 -20 1
-17 4 76 47 1
17 -15 -38 88 0
3 -52 -30 -100 1
40 78 22 83 0
-39 -69 57 -72 1
-52 72 -71 43 0
67 -82 -83 -100 1
-23 14 74 93 1
12 13 65 78 1
-38 31 28 -93 1
56 -46 2 30 1
-69 -91 9 61 1
23 -14 -46 -69 1
77 34 -8 -93 1
-36 -44 -34 86 0
-29 -47 -34 -50 1
-4 -9 -93 61 0
-66 -5 -13 -23 0
-69 19 -55 43 0
95 64 81 41 1
-46 75 -94 -27 0
-94 60 50 -16 0
46 11 24 46 1
-65 -72 87 -19 1
-99 28 -54 96 0
47 -90 29 94 1
18 39 -81 -96 0
-64 65 36 -48 0
71 -2 -15 7 1
-77 -20 57 19 1
-42 27 13 14 0
-87 -92 -61 93 0
-76 2 -79 -97 0
53 85 -72 8 0
-3 -64 -26 -31 1
45 27 -16 -59 1
-1 -60 65 -67 1
-84 64 52 21 0
-25 -14 16 5 1
-15 -74 -44 -70 1
33 67 -3 -89 0
-48 98 37 72 0
44 53 89 21 1
-55 -37 29 -47 1
6 92 -50 80 0
-65 14 -75 -72 0
48 -90 -61 -90 1
63 12 86 -62 1
-47 -3 -46 10 0
51 49 -32 -45 0
-68 -65 47 -20 1
89 8 53 93 1
-28 -61 -84 28 0
-40 70 3 -59 0
-76 -62 -66 30 0
7 71 78 1 1
-3 -89 -82 0 1
-57 86 -52 88 0
-84 -27 -44 -46 0
-54 -89 -39 -21 1
-18 -93 48 -20 1
17 97 99 -76 1
-12 -89 42 -42 1
53 8 -75 -54 0
-69 -91 -85 98 0
44 50 -75 -15 0
34 -87 -22 16 1
-94 36 14 75 0
-29 -42 -19 15 1
66 45 86 2 1
-84 -87 58 51 1
7 87 -56 -3 0
30 -64 70 67 1
82 7 -62 -86 1
19 -97 -8 52 1
40 60 -85 69 0
7 25 93 -46 1
69 -67 57 -88 1
40 -83 59 -5 1
22 -62 -55 -72 1
89 -39 84 -85 1
83 20 -91 57 0
52 2 -17 32 1
-36 76 -98 72 0
41 19 57 -33 1
45 89 -64 52 0
75 92 80 -28 1
42 -52 20 -13 1
95 39 86 -64 1
-40 70 23 97 0
-62 83 -38 -55 0
-13 -90 -39 -24 1
52 98 -49 -97 0
-42 -29 47 -8 1
-38 -47 16 9 1
-27 6 -44 68 0
-98 19 -95 -96 0
-96 -47 -54 76 0
-92 -2 -81 21 0
-40 22 62 77 0
-19 -39 44 -98 1
59 -88 19 24 1
-12 -28 -33 41 0
0 -3 -90 4 0
83 -34 22 -72 1
36 94 52 -25 0
69 -92 -61 -76 1
-96 38 86 23 0
-63 -29 32 75 0
-11 45 97 -64 1
-41 75 -73 96 0
-20 13 -61 -56 0
-39 -8 14 85 0
-34 -45 -61 -3 0
-61 -10 -68 -95 0
46 -21 67 -9 1
-4 -42 -42 -53 1
68 -88 6 -56 1
-12 80 69 -1 0
90 54 65 87 1
-94 32 -56 -43 0
-70 -78 69 37 1
59 6 80 57 1
-62 58 -19 -1 0
-99 -24 -89 -62 0
93 -88 -55 54 1
12 -84 3 -3 1
87 91 -13 8 0
62 -31 57 98 1
-27 -38 55 -41 1
-22 -64 -79 95 0
47 -5 -33 91 0
-84 -89 49 44 1
37 17 92 -79 1
19 -51 -87 91 0
74 -72 63 79 1
24 -94 -72 38 1
-68 33 10 -22 0
59 78 -43 -75 0
73 -72 -97 -2 1
40 -62 -86 18 0
-72 56 -26 15 0
-69 29 74 -17 1
-79 -74 94 -20 1
25 83 -9 -80 0
-54 0 86 -17 1
-95 46 84 96 0
30 -100 -43 23 1
65 -86 61 88 1
62 -37 -76 -77 1
-89 -83 -86 -74 0
-29 -41 73 44 1
-8 -48 -93 -22 0
-74 73 -51 98 0
30 -8 91 71 1
80 -77 -41 21 1
30 47 -55 -86 0
52 98 -84 25 0
-17 -92 65 75 1
87 -38 16 29 1
-13 -29 38 -37 1
-29 -80 -83 -37 0
-19 9 -6 65 0
-69 -90 -56 -68 1
1 68 35 -90 0
78 -13 -60 44 0
-25 20 -55 59 0
-21 -47 -15 -9 1
47 60 67 59 1
-4 -99 -68 57 1
60 -24 15 53 1
49 2 93 65 1
2 -11 73 21 1
42 5 18 71 1
-52 3 -40 94 0
22 33 -92 -95 0
-28 2 59 -60 1
13 -93 -29 77 1
-9 -39 -17 -39 1
10 26 -94 -17 0
31 33 -43 -79 0
53 26 -98 26 0
-60 87 5 -87 0
-89 -14 -89 40 0
-76 -56 21 46 1
-46 -1 72 35 1
18 -48 82 -69 1
-50 -57 -19 97 0
45 49 -64 -5 0
-45 4 -42 30 0
55 -66 88 -8 1
81 90 -4 34 0
-25 -52 -7 58 1
85 88 -77 47 0
-64 -97 7 25 1
-81 87 51 -51 0
76 78 -5 4 0
63 16 -3 -35 1
-22 61 63 -95 1
-62 69 14 85 0
24 -89 30 -83 1
-61 -80 42 -2 1
-75 -93 -1 -14 1
-59 71 -87 -23 0
-99 18 -64 -32 0
65 -60 -39 -41 1
24 10 -87 -17 0
29 -31 44 22 1
-12 -73 -35 62 1
-96 92 67 83 0
63 -56 50 -54 1
-70 38 -91 94 0
17 -87 -21 -8 1
-91 -25 -7 4 0
-100 32 -81 -93 0
70 -100 -44 -37 1
17 -73 20 6 1
64 74 64 -52 1
19 -57 -45 55 1
10 33 7 88 0
47 13 -23 29 0
-64 -81 -75 -72 1
-100 18 -66 97 0
-42 -32 60 78 1
-89 -81 80 -58 1
25 -51 -72 84 0
-62 83 70 77 0
50 71 -63 -17 0
50 27 25 -56 1
-49 -21 77 23 1
18 -93 -16 28 1
-93 56 -5 1 0
-96 -15 74 -67 1
92 -46 18 70 1
57 13 44 -75 1
35 -54 12 -25 1
-29 -12 -55 95 0
-68 -100 46 -70 1
41 -48 -53 -32 1
4 -11 89 93 1
91 97 -38 -28 0
60 68 -12 75 0
-88 -28 -24 58 0
-33 -3 24 1 1
31 1 -82 97 0
-19 40 -78 -18 0
8 -26 28 -13 1
-47 98 -12 42 0
-36 -25 98 42 1
48 46 -41 -8 0
60 -52 -66 71 0
1 -90 -2 99 1
9 -27 93 73 1
-92 -98 -16 -75 1
-29 -53 93 97 1
55 16 53 52 1
-89 32 -53 -64 0
-57 -86 -58 75 0
-14 -31 -55 7 0
22 70 -80 50 0
6 -21 -54 16 0
23 42 -76 -65 0
-50 -86 -33 -80 1
40 -82 -67 -23 1
24 95 16 -49 0
-74 56 55 -66 0
35 43 5 63 0
57 45 -99 76 0
-24 31 -11 -12 0
-7 -94 -6 7 1
-27 -62 40 58 1
-30 90 -45 69 0
88 -59 83 -65 1
-17 95 17 -94 0
-47 28 71 19 1
72 5 -54 22 0
40 18 49 17 1
-80 36 -75 -92 0
-86 -91 21 20 1
24 69 -29 51 0
-52 53 -10 -64 0
-33 -51 51 -82 1
-1 -41 66 -12 1
45 46 63 82 1
-32 74 -52 7 0
60 18 48 49 1
75 -64 42 62 1
98 59 -90 37 0
-23 -24 84 52 1
-99 -37 -66 -94 0
-16 45 -34 -59 0
17 24 66 68 1
-77 87 -55 -82 0
-33 1 -59 -69 0
66 8 -65 -4 0
63 30 -28 35 0
-4 22 -31 68 0
95 -88 -52 -41 1
29 87 -96 71 0
-74 59 48 -93 0
99 -51 -34 -57 1
24 -43 -98 -15 0
-31 29 71 -99 1
1 -66 -3 -71 1
15 -93 49 -57 1
85 -65 96 -24 1
-70 -54 -46 5 0
89 57 20 -46 1
43 -89 44 43 1
39 35 -98 43 0
-71 -78 -9 14 1
3 17 -96 3 0
7 -36 20 -71 1
48 -17 97 49 1
99 -69 60 -85 1
-63 41 -65 50 0
13 -35 4 -16 1
-99 92 -26 -34 0
79 89 50 53 0
95 -46 -95 62 0
49 70 42 -15 1
-41 0 -89 -52 0
-59 65 -19 72 0
-66 57 57 33 0
-34 -21 -94 79 0
-87 -28 42 48 0
62 -35 -10 29 1
62 -81 -91 -76 1
93 -76 -47 -68 1
63 -6 -87 -36 0
9 -21 -47 24 0
79 30 68 33 1
-76 40 16 35 0
48 95 -76 -22 0
-33 72 87 -89 1
-69 27 -5 -9 0
40 -70 -23 -81 1
45 -41 90 33 1
59 -8 -58 29 0
-41 50 -70 -96 0
61 -91 -12 29 1
25 -90 77 58 1
-45 -18 36 -2 1
48 -28 55 89 1
14 -94 -21 43 1
-4 -97 -97 2 1
-61 -84 0 2 1
23 -49 -49 63 0
23 65 77 -38 1
15 90 -39 -94 0
54 -9 -87 98 0
-15 32 82 29 1
-39 48 -22 48 0
37 -43 19 66 1
32 -36 -88 80 0
-19 72 59 63 0
87 38 90 48 1
-49 82 16 -75 0
95 -67 -49 11 1
-19 79 56 65 0
-59 -80 -59 40 0
12 4 91 -84 1
19 36 68 28 1
29 -41 -53 -72 1
-4 -91 -43 87 1
-80 -73 -67 -93 0
86 99 76 -22 1
44 87 -14 -13 0
72 -32 59 71 1
92 -14 0 -93 1
-24 99 -14 -58 0
